Name,Team,G,AB,PA,H,1B,2B,3B,HR,R,RBI,BB,IBB,SO,HBP,SF,SH,GDP,SB,CS,AVG,NameASCII,PlayerId,MLBAMID
"Darren Baker","WSN",7,14,14,7,5,2,0,0,0,0,0,0,3,0,0,0,0,0,0,0.5,"Darren Baker",29912,671117
"Brewer Hicklen","- - -",5,13,16,6,4,2,0,0,3,1,3,0,4,0,0,0,0,2,0,0.461538461,"Brewer Hicklen",20450,676551
"Joshua Kuroda-Grauer","ATH",11,33,35,14,10,4,0,0,5,2,1,0,4,1,0,0,2,0,1,0.424242424,"Joshua Kuroda-Grauer",35121,811965
"Jonah Cox","SFG",14,8,10,3,1,1,0,1,4,2,0,0,4,0,0,2,0,3,0,0.375,"Jonah Cox",33270,813841
"Tyler Tolbert","KCR",52,44,50,16,15,0,0,1,23,6,2,0,11,1,2,1,2,21,3,0.363636363,"Tyler Tolbert",25779,686475
"Wade Meckler","LAA",41,115,127,39,29,8,0,2,18,17,12,0,26,0,0,0,1,3,0,0.339130434,"Wade Meckler",31490,685133
"David Bote","CHC",10,15,16,5,5,0,0,0,2,0,1,0,5,0,0,0,0,0,0,0.333333333,"David Bote",14593,623520
"Carter Kieboom","LAA",3,6,6,2,2,0,0,0,0,1,0,0,1,0,0,0,0,0,0,0.333333333,"Carter Kieboom",19958,666198
"Cade Marlowe","SEA",5,6,7,2,2,0,0,0,1,0,1,0,1,0,0,0,1,0,0,0.333333333,"Cade Marlowe",25505,687799
"Tanner Murray","CHW",4,6,9,2,2,0,0,0,0,1,0,0,0,1,1,1,0,0,0,0.333333333,"Tanner Murray",28848,695020
"Cam Cauley","TEX",5,9,9,3,2,1,0,0,2,0,1,0,1,0,0,0,0,0,0,0.333333333,"Cam Cauley",29710,695508
"Harry Ford","- - -",5,6,8,2,1,0,0,1,2,2,0,0,2,2,0,0,0,1,0,0.333333333,"Harry Ford",29958,695670
"Luis Arraez","- - -",361,1143,1230,367,280,67,10,10,140,99,66,7,31,5,12,4,24,26,6,0.321084864,"Luis Arraez",18568,650333
"Aaron Judge","NYY",358,1002,1223,315,161,60,3,91,212,218,194,27,300,16,8,0,32,17,5,0.314371257,"Aaron Judge",15640,592450
"Jim Jarvis","ATL",13,35,37,11,8,2,0,1,3,4,1,0,8,0,0,1,0,0,0,0.314285714,"Jim Jarvis",33492,805347
"Troy Johnston","- - -",128,322,364,101,71,23,1,6,41,42,34,0,68,5,3,0,4,4,6,0.313664596,"Troy Johnston",26143,687859
"TJ Rumfield","COL",92,243,280,76,47,17,1,11,35,37,29,0,41,6,2,0,1,0,0,0.312757201,"TJ Rumfield",29805,681198
"Xavier Edwards","MIA",286,845,957,264,207,39,12,6,125,80,97,5,128,3,10,2,13,43,9,0.312426035,"Xavier Edwards",22266,669364
"Nick Kurtz","ATH",190,493,605,152,74,34,3,41,111,108,109,11,175,2,0,0,9,8,2,0.30831643,"Nick Kurtz",35110,701762
"Jose F Miranda","MIN",114,289,310,89,56,21,4,8,37,39,14,1,44,5,2,0,8,2,2,0.307958477,"Jose F Miranda",20538,669304
"Jake Mangum","- - -",171,458,492,140,113,21,2,4,53,47,25,1,80,5,1,3,8,37,9,0.305676855,"Jake Mangum",26202,663968
"Jonathan Aranda","TBR",233,645,743,197,126,39,0,32,98,119,76,6,168,13,9,0,16,0,2,0.305426356,"Jonathan Aranda",21837,666018
"Samad Taylor","- - -",28,69,82,21,19,1,0,1,10,10,11,0,22,0,0,2,1,6,1,0.304347826,"Samad Taylor",22274,669392
"Luke Keaschall","MIN",132,339,392,103,75,21,1,6,55,39,38,0,50,11,4,0,5,15,5,0.303834808,"Luke Keaschall",33321,807712
"Sam Antonacci","CHW",73,214,248,65,45,11,2,7,43,25,20,0,35,12,1,1,1,12,5,0.303738317,"Sam Antonacci",35101,803011
"Freddie Freeman","LAD",365,998,1156,302,185,72,3,42,162,175,139,15,197,9,10,0,24,12,4,0.30260521,"Freddie Freeman",5361,518692
"Bobby Witt Jr.","KCR",397,1271,1417,383,226,84,13,60,213,195,117,12,246,15,14,0,12,73,19,0.301337529,"Bobby Witt Jr.",25764,677951
"Shohei Ohtani","LAD",371,1035,1257,311,149,55,12,95,262,200,198,38,289,9,9,0,10,66,8,0.300483091,"Shohei Ohtani",19755,660271
"Brendan Donovan","- - -",277,782,881,234,159,47,3,25,104,102,76,3,106,18,4,1,7,7,8,0.299232736,"Brendan Donovan",24679,680977
"Alec Burleson","STL",372,1047,1160,313,207,58,2,46,138,170,90,3,163,11,9,2,21,15,5,0.298949379,"Alec Burleson",27615,676475
"Tristan Peters","- - -",94,241,264,72,43,20,3,6,35,34,17,0,51,2,2,2,0,5,0,0.298755186,"Tristan Peters",30063,671976
"Jacob Wilson","OAK",202,615,661,183,141,29,0,13,74,74,35,1,61,7,2,2,20,5,1,0.297560975,"Jacob Wilson",33266,805779
"Yohendrick Piñango","TOR",49,121,131,36,27,5,0,4,10,17,10,0,25,0,0,0,6,0,0,0.297520661,"Yohendrick Pinango",26664,682818
"Chandler Simpson","TBR",194,542,580,161,133,22,6,0,71,32,30,0,54,0,2,5,10,55,18,0.29704797,"Chandler Simpson",31912,802415
"Vladimir Guerrero Jr.","TOR",398,1230,1391,364,244,74,1,45,188,170,136,15,197,13,12,0,37,10,4,0.295934959,"Vladimir Guerrero Jr.",19611,665489
"Donovan Solano","- - -",126,247,269,73,54,13,0,6,28,36,15,0,60,5,2,0,6,2,1,0.295546558,"Donovan Solano",8623,456781
"Yordan Alvarez","HOU",280,756,907,223,129,42,0,52,128,133,135,34,142,8,8,0,14,6,0,0.294973544,"Yordan Alvarez",19556,670541
"Bryce Johnson","SDP",78,112,121,33,26,6,0,1,16,9,4,0,31,2,0,3,2,6,3,0.294642857,"Bryce Johnson",20002,669369
"Yandy Díaz","TBR",369,1120,1246,326,239,51,3,33,117,150,105,4,199,15,6,0,27,4,1,0.291071428,"Yandy Diaz",16578,650490
"Brandon Marsh","PHI",341,895,994,259,167,52,4,36,140,120,88,3,260,0,8,2,4,29,5,0.289385474,"Brandon Marsh",20202,669016
"Otto Lopez","MIA",338,936,1021,270,189,52,5,24,136,128,69,1,147,8,7,1,26,40,9,0.288461538,"Otto Lopez",19608,672640
"Masataka Yoshida","BOS",225,607,672,175,122,36,1,16,74,77,43,0,82,17,5,0,6,7,0,0.28830313,"Masataka Yoshida",31837,807799
"Juan Soto","- - -",371,946,1182,272,150,42,3,77,214,171,226,24,199,3,6,0,19,38,8,0.287526427,"Juan Soto",20123,665742
"Jung Hoo Lee","SFG",267,750,825,215,146,49,11,9,109,64,59,0,70,9,7,0,5,16,6,0.286666666,"Jung Hoo Lee",33824,808982
"Kevin McGonigle","DET",92,255,306,73,48,15,3,7,48,26,49,0,36,2,0,0,1,9,0,0.286274509,"Kevin McGonigle",33572,805808
"Ronald Acuña Jr.","ATL",185,514,612,147,101,19,2,25,107,62,87,4,137,9,2,0,7,31,5,0.285992217,"Ronald Acuna Jr.",18401,660670
"Spencer Horwitz","- - -",272,780,903,223,140,51,1,31,121,105,105,3,148,11,7,0,20,1,1,0.285897435,"Spencer Horwitz",26477,687462
"Armando Alvarez","OAK",9,21,23,6,6,0,0,0,6,2,2,0,5,0,0,0,1,1,0,0.285714285,"Armando Alvarez",19292,669137
"Junior Perez","CHW",6,7,8,2,1,0,0,1,2,3,1,0,4,0,0,0,0,0,0,0.285714285,"Junior Perez",23989,678577
"Justin Dean","- - -",9,7,9,2,1,0,1,0,3,3,2,0,3,0,0,0,0,1,0,0.285714285,"Justin Dean",25005,681909
"Rafael Flores Jr.","PIT",8,14,17,4,2,2,0,0,1,1,3,0,4,0,0,0,0,0,0,0.285714285,"Rafael Flores Jr.",31991,804668
"A.J. Ewing","NYM",57,154,172,44,32,7,0,5,22,18,16,0,45,1,0,1,0,9,5,0.285714285,"A.J. Ewing",33656,805999
"Isiah Kiner-Falefa","- - -",272,735,787,209,157,39,5,8,81,73,35,0,123,7,2,8,16,30,6,0.284353741,"Isiah Kiner-Falefa",16512,643396
"Nathan Lukes","TOR",210,584,652,166,118,27,3,18,81,87,50,2,78,3,6,9,18,2,5,0.284246575,"Nathan Lukes",18123,664770
"Riley Greene","DET",373,1039,1171,295,173,55,5,62,170,171,116,6,326,7,9,0,16,7,4,0.283926852,"Riley Greene",25976,682985
"Fernando Tatis Jr.","SDP",339,1050,1173,298,199,54,2,43,176,136,100,2,226,15,7,1,18,53,13,0.283809523,"Fernando Tatis Jr.",19709,665487
"Trea Turner","PHI",332,1022,1090,290,203,49,4,34,157,123,56,0,213,8,4,0,20,38,9,0.283757338,"Trea Turner",16252,607208
"Victor Robles","- - -",126,289,328,82,58,19,1,4,44,28,17,0,63,14,4,4,5,28,4,0.283737024,"Victor Robles",18363,645302
"Carlos Correa","- - -",250,737,815,209,146,45,1,17,104,83,71,2,154,3,4,0,23,1,0,0.283582089,"Carlos Correa",14162,621043
"Gabriel Moreno","ARI",222,597,683,169,123,28,2,16,83,82,77,2,115,6,3,0,13,7,2,0.283082077,"Gabriel Moreno",22664,672515
"Pedro Ramírez","CHC",25,53,60,15,10,4,1,0,5,8,5,0,9,0,1,1,3,1,0,0.283018867,"Pedro Ramirez",29218,699393
"Cole Carrigg","COL",27,53,66,15,7,3,3,2,14,12,10,0,11,2,1,0,0,1,2,0.283018867,"Cole Carrigg",33253,694249
"Jeremy Peña","HOU",323,998,1095,281,199,51,2,29,147,119,60,2,199,26,9,2,21,38,8,0.281563126,"Jeremy Pena",21636,665161
"Nick Gonzales","PIT",274,807,873,227,172,39,5,11,102,91,48,0,154,11,6,1,27,7,6,0.281288723,"Nick Gonzales",27490,693304
"Luis García Jr.","WSN",359,1053,1116,296,181,60,4,51,156,176,57,3,173,1,5,0,21,33,10,0.281101614,"Luis Garcia Jr.",20391,671277
"Carlos Cortes","ATH",114,289,320,81,50,18,2,11,31,39,25,0,48,3,3,0,12,1,0,0.280276816,"Carlos Cortes",21842,666126
"Ryan O'Hearn","- - -",357,1000,1135,279,193,42,3,41,143,150,116,7,197,10,9,0,23,7,2,0.279,"Ryan O'Hearn",16442,656811
"Steven Kwan","CLE",344,979,1107,273,203,43,6,21,149,87,109,1,94,7,5,6,7,27,9,0.278855975,"Steven Kwan",24610,680757
"Cooper Pratt","MIL",25,61,73,17,13,3,1,0,9,5,10,0,12,1,1,0,2,3,2,0.278688524,"Cooper Pratt",33530,806198
"Daylen Lile","WSN",183,524,571,146,85,31,13,17,81,76,35,1,90,5,6,0,10,14,10,0.278625954,"Daylen Lile",29995,695734
"René Pinto","TBR",14,18,24,5,2,2,0,1,4,3,3,0,4,1,1,1,0,0,0,0.277777777,"Rene Pinto",19859,650907
"Gunnar Henderson","BAL",388,1120,1263,311,186,63,8,54,209,149,124,8,266,12,7,0,10,47,11,0.277678571,"Gunnar Henderson",26289,683002
"Liam Hicks","MIA",201,526,606,146,106,20,2,18,75,91,61,1,66,12,7,0,8,3,0,0.277566539,"Liam Hicks",29844,689414
"Bo Bichette","- - -",310,997,1081,276,194,58,3,21,116,128,68,1,189,7,9,0,32,9,3,0.276830491,"Bo Bichette",19612,666182
"Victor Bericoto","SFG",14,29,30,8,5,0,0,3,5,8,1,0,5,0,0,0,2,1,1,0.275862068,"Victor Bericoto",26468,682674
"Blake Sabol","- - -",18,40,47,11,8,3,0,0,5,1,6,1,13,1,0,0,1,0,0,0.275,"Blake Sabol",25805,666165
"Kyle Teel","CHW",93,255,297,70,49,11,0,10,40,46,36,0,78,5,1,0,2,3,1,0.274509803,"Kyle Teel",33549,691019
"Christian Yelich","MIL",275,751,862,206,131,37,2,36,129,121,100,11,214,7,3,0,9,31,6,0.274300932,"Christian Yelich",11477,592885
"Ernie Clement","TOR",338,930,983,255,188,48,2,17,116,97,35,0,93,6,7,5,22,14,7,0.274193548,"Ernie Clement",20352,676391
"Brice Turang","MIL",386,1114,1269,305,204,59,7,35,184,157,137,5,261,2,8,8,13,64,13,0.27378815,"Brice Turang",22186,668930
"Elly De La Cruz","CIN",384,1078,1216,295,167,65,19,44,199,139,130,10,335,5,3,0,23,84,20,0.273654916,"Elly De La Cruz",26668,682829
"Will Smith","LAD",276,742,864,203,136,33,3,31,126,126,94,1,165,13,15,0,15,3,3,0.273584905,"Will Smith",19197,669257
"Drake Baldwin","ATL",188,494,553,135,87,20,2,26,77,100,52,1,97,6,1,0,13,2,1,0.273279352,"Drake Baldwin",31539,686948
"Rafael Devers","- - -",370,970,1151,265,128,67,3,67,175,178,168,23,282,2,11,0,24,4,0,0.273195876,"Rafael Devers",17350,646240
"David Peralta","SDP",88,216,234,59,41,10,0,8,32,27,18,0,46,0,0,0,3,2,0,0.273148148,"David Peralta",2136,444482
"William Contreras","MIL",380,1124,1273,307,209,55,2,41,176,173,134,4,222,6,9,0,34,11,6,0.273131672,"William Contreras",20503,661388
"Corey Seager","TEX",258,714,840,195,113,36,0,46,119,118,115,22,144,6,5,0,21,4,1,0.273109243,"Corey Seager",13624,608369
"Jake Cave","COL",108,282,304,77,49,16,5,7,40,33,18,1,80,1,3,0,5,5,2,0.273049645,"Jake Cave",14477,595909
"Francisco Lindor","NYM",330,1023,1154,279,163,61,4,51,179,139,101,2,227,22,8,0,12,39,10,0.272727272,"Francisco Lindor",12916,596019
"Yuli Gurriel","- - -",23,44,51,12,9,3,0,0,7,4,6,0,12,0,1,0,1,0,0,0.272727272,"Yuli Gurriel",19198,493329
"Bligh Madris","DET",21,66,73,18,14,3,0,1,8,5,6,0,20,0,1,0,0,0,0,0.272727272,"Bligh Madris",20054,676632
"Luis Lara","MIL",7,22,25,6,5,1,0,0,1,2,3,0,4,0,0,0,0,1,0,0.272727272,"Luis Lara",30675,800325
"Hyeseong Kim","LAD",101,242,265,66,53,8,2,3,32,25,18,0,70,1,2,1,2,17,1,0.272727272,"Hyeseong Kim",35322,808975
"Travis Bazzana","CLE",64,169,195,46,25,12,2,7,23,24,22,1,40,1,3,0,1,8,2,0.272189349,"Travis Bazzana",34967,683953
"Juan Yepez","WSN",51,147,161,40,27,9,0,4,16,18,11,0,26,1,2,0,7,1,1,0.272108843,"Juan Yepez",18400,660766
"Gavin Lux","- - -",277,783,877,213,144,50,4,15,95,95,90,0,188,1,3,0,10,5,2,0.272030651,"Gavin Lux",19955,666158
"Yainer Diaz","HOU",324,982,1028,267,182,51,4,30,103,133,33,0,168,4,9,0,33,2,1,0.271894093,"Yainer Diaz",23003,673237
"Will Wagner","- - -",90,206,237,56,42,13,0,1,24,16,29,1,40,2,0,0,8,1,0,0.27184466,"Will Wagner",29634,695238
"Esmerlyn Valdez","PIT",26,70,78,19,10,3,0,6,14,15,7,0,34,0,1,0,3,0,1,0.271428571,"Esmerlyn Valdez",29005,699013
"Vinnie Pasquantino","KCR",350,1044,1174,283,172,60,4,47,133,183,106,8,150,9,14,1,22,4,0,0.271072796,"Vinnie Pasquantino",27676,686469
"Bryce Harper","PHI",347,864,1014,234,118,60,1,55,147,139,137,18,203,7,6,0,21,17,6,0.270833333,"Bryce Harper",11579,547180
"Jordan Westburg","BAL",184,543,581,147,88,29,5,25,88,74,25,0,123,12,1,0,9,5,3,0.270718232,"Jordan Westburg",27815,676059
"Iván Herrera","STL",260,702,808,190,138,30,2,20,105,90,67,1,153,31,6,0,27,14,1,0.27065527,"Ivan Herrera",20599,671056
"Julio Rodríguez","SEA",375,1156,1258,312,219,47,3,43,163,146,76,2,284,20,6,0,25,52,11,0.269896193,"Julio Rodriguez",23697,677594
"Miguel Andujar","- - -",219,641,679,173,120,36,4,13,68,65,28,1,96,7,3,0,16,6,3,0.269890795,"Miguel Andujar",15878,609280
"Roman Anthony","BOS",97,241,297,65,38,20,2,5,47,25,49,1,71,6,1,0,2,5,1,0.269709543,"Roman Anthony",31812,701350
"Jackson Merrill","SDP",344,968,1054,261,158,50,11,42,145,148,68,4,228,5,6,7,8,23,7,0.269628099,"Jackson Merrill",29490,701538
"Jesús Sánchez","- - -",345,954,1050,257,162,55,5,35,122,129,81,4,241,7,8,0,21,24,5,0.269392033,"Jesus Sanchez",19913,660821
"Nate Eaton","BOS",34,52,57,14,9,3,0,2,12,6,4,0,13,0,0,1,0,9,0,0.269230769,"Nate Eaton",25055,681987
"Trevor Larnach","MIN",328,957,1086,257,167,52,2,36,149,125,114,4,218,8,6,0,33,9,5,0.268547544,"Trevor Larnach",21501,663616
"Sal Frelick","MIL",355,972,1088,261,196,42,7,16,138,98,90,1,143,6,6,3,13,35,8,0.268518518,"Sal Frelick",29622,686217
"Alex Call","- - -",141,302,363,81,59,18,2,2,41,31,48,0,59,8,2,3,8,3,3,0.26821192,"Alex Call",19296,669743
"Konnor Griffin","PIT",55,168,185,45,33,7,1,4,27,19,12,0,48,4,1,0,1,15,1,0.267857142,"Konnor Griffin",35376,804606
"Jeremiah Jackson","BAL",99,266,280,71,46,14,1,10,32,39,10,0,59,2,2,0,13,1,3,0.266917293,"Jeremiah Jackson",22239,669236
"Alejandro Kirk","TOR",243,641,726,171,130,25,0,16,57,104,68,2,78,3,14,0,22,1,0,0.26677067,"Alejandro Kirk",22581,672386
"Cole Tucker","LAA",14,30,35,8,3,4,1,0,2,3,4,0,9,0,1,0,0,2,1,0.266666666,"Cole Tucker",17326,657061
"Cal Stevenson","PHI",19,30,33,8,5,3,0,0,2,7,3,0,5,0,0,0,1,0,0,0.266666666,"Cal Stevenson",22411,670276
"Denzer Guzman","LAA",41,120,127,32,24,4,0,4,11,12,6,0,37,0,0,0,1,1,0,0.266666666,"Denzer Guzman",28816,694203
"Nolan Schanuel","LAA",346,1009,1158,269,195,49,1,24,124,104,121,4,168,16,8,3,29,12,2,0.266600594,"Nolan Schanuel",33189,694384
"Isaac Collins","- - -",192,439,527,117,80,26,3,8,63,54,76,0,121,5,3,4,5,16,10,0.266514806,"Isaac Collins",25477,686555
"Alec Bohm","PHI",346,969,1063,258,182,48,5,23,104,136,66,1,173,15,13,0,29,5,0,0.266253869,"Alec Bohm",21618,664761
"Brandon Lockridge","- - -",70,124,139,33,28,5,0,0,17,16,10,0,34,1,2,2,2,13,0,0.266129032,"Brandon Lockridge",21496,663604
"Donovan Walton","- - -",42,109,123,29,19,8,0,2,17,13,11,0,25,2,0,1,3,0,0,0.266055045,"Donovan Walton",19314,622268
"Michael Harris II","ATL",333,959,1011,255,173,38,6,38,109,134,38,2,198,3,9,2,13,30,9,0.265901981,"Michael Harris II",25931,671739
"Jake McCarthy","- - -",261,692,771,184,121,32,11,20,100,97,49,1,126,13,6,11,7,37,6,0.265895953,"Jake McCarthy",21622,664983
"Dominic Smith","- - -",237,595,664,158,108,33,1,16,84,92,53,1,129,7,9,0,17,3,1,0.265546218,"Dominic Smith",15653,642086
"Amed Rosario","- - -",151,339,354,90,69,9,3,9,38,41,11,0,84,3,1,0,7,10,2,0.265486725,"Amed Rosario",15518,642708
"Justin Crawford","PHI",88,230,247,61,44,12,3,2,17,19,14,0,50,1,0,2,1,6,3,0.265217391,"Justin Crawford",31791,702222
"Kyle Tucker","- - -",290,747,896,198,120,37,3,38,150,112,136,10,145,4,5,1,14,33,2,0.26506024,"Kyle Tucker",18345,663656
"Brent Rooker","OAK",341,1046,1168,277,160,50,5,62,150,183,103,1,317,12,6,0,19,13,3,0.264818355,"Brent Rooker",19627,667670
"Tsung-Che Cheng","- - -",15,34,39,9,8,1,0,0,5,5,4,0,9,0,1,0,1,0,2,0.264705882,"Tsung-Che Cheng",28344,691907
"Miguel Rojas","LAD",199,427,471,113,82,26,0,5,47,42,29,0,57,3,5,7,12,6,3,0.264637002,"Miguel Rojas",7802,500743
"Seiya Suzuki","CHC",350,1043,1173,276,162,57,8,49,150,166,113,2,323,8,9,0,22,13,7,0.264621284,"Seiya Suzuki",30116,673548
"Josh Naylor","- - -",364,1032,1161,273,182,45,0,46,152,168,106,12,149,9,8,0,33,32,5,0.264534883,"Josh Naylor",18839,647304
"Jarren Duran","BOS",390,1153,1280,305,156,84,23,42,182,155,104,2,305,15,8,0,8,54,9,0.26452732,"Jarren Duran",24617,680776
"Josh Jung","TEX",253,760,816,201,138,38,3,22,76,85,45,0,195,7,4,0,17,7,1,0.264473684,"Josh Jung",26299,673962
"Ketel Marte","ARI",328,919,1055,243,149,43,4,47,147,134,115,3,181,8,13,0,17,11,1,0.264417845,"Ketel Marte",13613,606466
"Kyle Stowers","- - -",244,681,772,180,99,37,6,38,102,118,74,5,247,10,5,2,11,6,2,0.26431718,"Kyle Stowers",26151,669065
"Ceddanne Rafaela","BOS",377,1056,1119,279,185,62,6,26,131,128,41,0,232,14,3,5,22,45,15,0.264204545,"Ceddanne Rafaela",24262,678882
"Jose Iglesias","- - -",156,364,396,96,83,7,1,5,34,44,18,0,56,9,3,2,8,7,2,0.263736263,"Jose Iglesias",10231,578428
"Byron Buxton","MIN",286,862,948,227,113,44,9,61,161,143,58,3,256,20,8,0,5,30,2,0.263341067,"Byron Buxton",14161,621439
"Mookie Betts","LAD",314,905,1018,238,157,39,5,37,160,137,101,0,118,4,8,0,21,18,2,0.262983425,"Mookie Betts",13611,605141
"Pete Alonso","- - -",400,1156,1333,304,164,68,1,71,179,220,138,4,311,24,15,0,42,6,2,0.262975778,"Pete Alonso",19251,624413
"Garrett Mitchell","MIL",167,426,485,112,59,32,5,16,74,60,57,1,161,1,1,0,1,19,6,0.262910798,"Garrett Mitchell",27555,669003
"Griffin Conine","MIA",82,194,216,51,28,11,1,11,33,29,20,0,69,2,0,0,2,2,1,0.262886597,"Griffin Conine",21626,665052
"George Springer","TOR",335,993,1123,261,162,47,4,48,172,131,107,2,206,13,2,0,27,33,4,0.262839879,"George Springer",12856,543807
"Jose Fernandez","ARI",43,118,127,31,23,5,0,3,16,11,5,0,28,1,0,3,1,5,2,0.262711864,"Jose Fernandez",28020,699912
"Tyler Soderstrom","OAK",286,811,927,213,116,56,2,39,112,126,102,7,190,10,4,0,28,6,4,0.262638717,"Tyler Soderstrom",27467,691016
"Gio Urshela","- - -",165,476,504,125,89,25,2,9,35,62,22,0,82,1,3,2,11,0,1,0.262605042,"Gio Urshela",10681,570482
"Jackson Chourio","MIL",324,979,1053,257,148,61,7,41,155,143,56,1,228,8,8,2,14,31,6,0.262512768,"Jackson Chourio",28806,694192
"Willson Contreras","- - -",299,827,957,217,130,44,2,41,117,127,80,1,257,43,6,0,15,7,1,0.262394195,"Willson Contreras",11609,575929
"Pete Crow-Armstrong","CHC",356,957,1065,251,138,53,11,49,158,143,74,5,251,15,9,10,7,72,11,0.262277951,"Pete Crow-Armstrong",27769,691718
"Kerry Carpenter","DET",288,801,881,210,109,36,12,53,111,146,52,1,222,14,7,0,9,1,3,0.262172284,"Kerry Carpenter",25961,681481
"Bryan Reynolds","PIT",391,1114,1273,292,184,64,8,36,159,147,130,5,305,23,6,0,15,14,4,0.262118491,"Bryan Reynolds",19326,668804
"Jake Fraley","- - -",210,550,612,144,96,34,2,12,66,51,56,1,130,3,3,0,8,24,6,0.261818181,"Jake Fraley",19260,641584
"Dominic Canzone","SEA",226,550,606,144,82,30,1,31,75,81,46,2,135,4,5,0,13,5,2,0.261818181,"Dominic Canzone",26438,686527
"JJ Wetherholt","STL",89,241,276,63,46,6,0,11,48,29,24,2,44,11,0,0,1,8,0,0.261410788,"JJ Wetherholt",34985,802139
"Jose Altuve","HOU",376,1175,1288,307,209,51,2,45,162,134,98,6,226,7,6,2,37,27,10,0.261276595,"Jose Altuve",5417,514888
"Max Muncy","LAD",255,647,793,169,93,35,2,39,112,128,131,7,176,6,9,0,6,6,0,0.261205564,"Max Muncy",13301,571970
"Jonah Bride","- - -",91,203,231,53,35,8,0,10,27,35,19,1,52,3,6,0,9,0,0,0.261083743,"Jonah Bride",24703,681146
"Junior Caminero","TBR",282,839,918,219,119,39,1,60,117,140,69,5,192,4,6,0,38,9,2,0.261025029,"Junior Caminero",28163,691406
"P.J. Higgins","CIN",10,23,28,6,5,1,0,0,1,4,2,0,7,0,1,2,1,0,0,0.260869565,"P.J. Higgins",18433,664731
"Carson Benge","NYM",93,276,302,72,51,11,2,8,39,27,23,0,59,2,1,0,4,11,1,0.260869565,"Carson Benge",35177,701807
"Manny Machado","SDP",392,1181,1298,308,195,61,0,52,155,206,102,5,259,3,11,1,42,18,4,0.260795935,"Manny Machado",11493,592518
"Blaze Alexander","- - -",166,395,444,103,73,20,1,9,50,51,29,0,120,13,1,4,8,9,8,0.260759493,"Blaze Alexander",23789,677942
"Harrison Bader","- - -",273,656,715,171,113,35,1,22,98,77,41,0,175,14,4,0,9,21,11,0.260670731,"Harrison Bader",18030,664056
"Jurickson Profar","- - -",225,637,757,166,104,34,1,27,115,85,93,1,125,20,3,4,12,16,4,0.260596546,"Jurickson Profar",10815,595777
"Aaron Schunk","COL",41,73,76,19,13,4,0,2,12,7,2,0,18,0,0,1,0,0,1,0.260273972,"Aaron Schunk",25524,668845
"Gleyber Torres","- - -",331,953,1095,248,195,33,0,20,116,106,120,0,204,7,13,2,15,3,1,0.260230849,"Gleyber Torres",16997,650402
"Brandon Lowe","- - -",318,942,1051,245,133,48,4,60,153,171,93,3,265,6,10,0,14,8,2,0.260084925,"Brandon Lowe",18882,664040
"Starling Marte","- - -",183,423,469,110,81,17,1,11,52,53,28,1,103,10,5,3,11,15,2,0.260047281,"Starling Marte",9241,516782
"Jack López","LAA",23,50,51,13,9,3,0,1,3,4,1,0,18,0,0,0,2,0,1,0.26,"Jack Lopez",13663,605346
"Luis Campusano","SDP",107,277,308,72,46,17,0,9,41,42,29,0,54,1,1,0,10,0,0,0.259927797,"Luis Campusano",22217,669134
"Colt Keith","DET",369,1047,1151,272,188,43,8,33,136,121,90,3,229,6,8,0,13,10,2,0.259789875,"Colt Keith",27899,690993
"Drew Waters","KCR",70,181,193,47,36,7,3,1,20,14,10,0,52,2,0,0,2,5,3,0.259668508,"Drew Waters",20505,671221
"Ben Rice","NYY",263,701,810,182,90,42,4,46,120,116,92,4,164,10,6,0,22,3,3,0.259629101,"Ben Rice",29576,700250
"Victor Caratini","- - -",254,632,716,164,119,23,1,21,71,87,57,2,113,12,15,0,14,1,1,0.25949367,"Victor Caratini",14968,605170
"Raynel Delgado","HOU",11,27,28,7,6,1,0,0,1,2,1,0,4,0,0,0,0,0,0,0.259259259,"Raynel Delgado",22272,669384
"Jacob Gonzalez","- - -",33,81,88,21,15,3,0,3,11,18,6,0,20,0,0,1,1,0,0,0.259259259,"Jacob Gonzalez",33225,694378
"Alex Bregman","- - -",344,1023,1142,265,162,60,2,41,141,126,93,1,173,18,8,0,26,4,1,0.259042033,"Alex Bregman",17678,608324
"James Wood","WSN",314,812,983,210,108,51,4,47,160,133,160,14,307,7,4,0,9,30,13,0.258620689,"James Wood",29518,695578
"Henry Bolte","ATH",51,116,136,30,25,5,0,0,9,8,13,0,32,5,2,0,1,7,4,0.258620689,"Henry Bolte",31448,703607
"Mauricio Dubón","- - -",298,770,826,199,144,39,2,14,90,89,43,0,102,3,4,5,12,6,3,0.258441558,"Mauricio Dubon",16530,643289
"Mickey Moniak","- - -",316,918,979,237,129,46,13,49,125,141,51,1,235,5,5,0,10,18,7,0.258169934,"Mickey Moniak",19956,666160
"Joey Wendle","NYM",13,31,32,8,7,1,0,0,2,1,1,0,8,0,0,0,0,1,0,0.258064516,"Joey Wendle",13853,621563
"Oscar Gonzalez","SDP",13,31,32,8,8,0,0,0,1,2,1,0,5,0,0,0,1,0,1,0.258064516,"Oscar Gonzalez",20970,660757
"Endy Rodríguez","PIT",48,124,146,32,18,9,0,5,19,18,21,0,31,0,0,0,3,1,1,0.258064516,"Endy Rodriguez",25332,682848
"Nico Hoerner","CHC",388,1190,1318,307,229,64,4,10,154,109,100,1,117,18,10,0,15,52,13,0.257983193,"Nico Hoerner",21479,663538
"Michael Massey","KCR",241,671,720,173,118,33,1,21,79,78,35,1,100,3,10,1,14,4,1,0.257824143,"Michael Massey",27684,686681
"Marcell Ozuna","- - -",350,993,1142,256,162,38,0,56,133,157,131,2,286,8,9,0,31,1,0,0.257804632,"Marcell Ozuna",10324,542303
"Miguel Amaya","CHC",163,412,460,106,67,25,1,13,53,72,31,0,90,10,3,3,7,0,0,0.257281553,"Miguel Amaya",21693,665804
"Tyler Freeman","- - -",250,634,732,163,127,25,4,7,84,59,51,0,89,34,5,8,28,25,11,0.257097791,"Tyler Freeman",22532,671289
"Matt Olson","ATL",392,1070,1249,275,149,66,1,59,168,170,163,9,299,8,8,0,21,2,0,0.257009345,"Matt Olson",14344,621566
"Nathaniel Lowe","- - -",346,938,1071,241,157,41,3,40,126,147,121,4,252,6,6,0,12,3,0,0.256929637,"Nathaniel Lowe",19566,663993
"Luis Rengifo","- - -",266,745,816,191,150,28,2,11,89,77,56,0,128,7,4,4,9,31,14,0.256375838,"Luis Rengifo",19858,650859
"Mike Tauchman","- - -",192,511,595,131,93,24,2,12,75,54,76,0,124,6,2,0,8,3,2,0.256360078,"Mike Tauchman",15274,643565
"CJ Abrams","WSN",352,1011,1139,259,144,59,8,48,170,139,87,6,206,30,9,2,10,54,14,0.256181998,"CJ Abrams",25768,682928
"Dillon Dingler","DET",221,617,671,158,103,27,4,24,71,87,31,1,158,19,1,0,13,0,0,0.256077795,"Dillon Dingler",27464,693307
"Romy Gonzalez","BOS",136,289,307,74,54,16,2,2,33,41,9,0,78,4,5,0,6,12,6,0.256055363,"Romy Gonzalez",21562,663853
"Geraldo Perdomo","ARI",336,883,1062,226,142,55,6,23,153,119,141,1,146,17,14,7,20,33,12,0.255945639,"Geraldo Perdomo",22799,672695
"J.T. Realmuto","PHI",286,790,872,202,136,39,2,25,103,103,59,1,203,16,6,0,18,9,4,0.255696202,"J.T. Realmuto",11739,592663
"Jasson Domínguez","NYY",167,419,467,107,72,19,1,15,62,48,42,1,113,3,3,0,3,25,4,0.255369928,"Jasson Dominguez",28080,691176
"Kyle Isbel","KCR",300,756,839,193,135,32,11,15,103,74,51,0,152,6,6,20,14,17,4,0.255291005,"Kyle Isbel",21614,664728
"Jon Singleton","HOU",116,286,330,73,50,11,1,11,40,39,41,0,81,0,3,0,1,0,0,0.255244755,"Jon Singleton",10441,572138
"Charlie Blackmon","COL",119,345,385,88,56,18,3,11,54,42,35,2,73,4,1,0,2,4,1,0.255072463,"Charlie Blackmon",7859,453568
"Maikel Garcia","KCR",361,1122,1230,286,201,58,8,19,144,125,93,0,186,1,9,5,24,53,13,0.25490196,"Maikel Garcia",22715,672580
"Moisés Ballesteros","CHC",79,204,229,52,36,7,1,8,25,34,23,1,44,0,2,0,3,1,0,0.25490196,"Moises Ballesteros",28820,694208
"Michael Busch","CHC",389,1095,1268,279,156,57,7,59,159,175,149,4,321,17,7,0,14,8,1,0.25479452,"Michael Busch",26319,683737
"Masyn Winn","STL",345,994,1091,253,189,42,5,17,137,98,71,0,194,12,9,5,10,18,7,0.254527162,"Masyn Winn",27479,691026
"Josh Smith","TEX",319,888,1012,226,154,48,4,20,118,79,99,4,166,20,3,1,7,15,5,0.254504504,"Josh Smith",26396,669701
"Tommy Pham","- - -",221,625,689,159,112,32,3,12,63,65,57,1,157,3,4,0,15,8,5,0.2544,"Tommy Pham",2967,502054
"Teoscar Hernández","LAD",341,999,1092,254,154,51,2,47,136,171,74,0,311,9,8,0,18,16,1,0.254254254,"Teoscar Hernandez",13066,606192
"Ramón Laureano","- - -",239,622,687,158,94,32,5,27,83,86,47,0,200,14,4,0,11,14,6,0.254019292,"Ramon Laureano",17128,657656
"Josh Bell","- - -",354,961,1078,244,157,43,3,41,121,137,97,1,205,12,5,0,28,1,3,0.253902185,"Josh Bell",13145,605137
"Trevor Story","BOS",217,650,698,165,109,33,0,23,83,87,39,1,200,6,2,1,9,30,4,0.253846153,"Trevor Story",12564,596115
"Will Brennan","- - -",127,327,352,83,62,12,1,8,33,28,20,2,46,4,1,0,9,3,3,0.253822629,"Will Brennan",25660,686823
"Casey Schmitt","SFG",202,532,574,135,85,22,1,27,63,74,25,0,125,10,6,1,11,7,1,0.253759398,"Casey Schmitt",27577,669477
"Myles Straw","- - -",129,201,226,51,40,6,1,4,54,21,14,0,26,1,1,9,4,13,1,0.253731343,"Myles Straw",17620,664702
"Jesse Winker","- - -",163,406,480,103,66,22,1,14,60,57,61,3,97,7,4,2,11,9,3,0.253694581,"Jesse Winker",13590,608385
"Nolan Arenado","- - -",342,974,1077,247,172,43,1,31,115,129,80,4,179,13,9,0,22,6,2,0.253593429,"Nolan Arenado",9777,571448
"Wyatt Langford","TEX",302,896,999,227,144,48,2,33,128,122,87,3,225,9,7,0,15,40,4,0.253348214,"Wyatt Langford",33333,694671
"Rece Hinds","CIN",36,75,82,19,4,8,1,6,15,16,4,0,27,2,1,0,1,1,0,0.253333333,"Rece Hinds",27493,677956
"Ben Williamson","- - -",136,308,333,78,65,11,0,2,39,27,23,0,70,1,0,1,4,8,2,0.253246753,"Ben Williamson",33197,810938
"Bryson Stott","PHI",380,1043,1163,264,179,47,10,28,138,138,101,2,188,4,13,2,16,56,4,0.253116011,"Bryson Stott",26294,681082
"Ryan Mountcastle","BAL",203,597,642,151,96,37,2,16,65,76,30,0,164,4,11,0,17,4,0,0.252931323,"Ryan Mountcastle",18373,663624
"Ezequiel Duran","TEX",212,534,576,135,92,30,2,11,68,57,31,0,124,6,3,2,9,14,4,0.252808988,"Ezequiel Duran",23733,677649
"Javier Sanoja","MIA",171,372,400,94,57,29,4,4,44,49,22,0,36,0,4,2,6,7,3,0.252688172,"Javier Sanoja",28253,691594
"Connor Norby","- - -",175,483,529,122,79,27,1,15,71,58,32,0,153,9,5,0,9,10,5,0.252587991,"Connor Norby",29592,681393
"Willie Calhoun","LAA",68,202,223,51,30,16,0,5,23,19,20,1,29,0,1,0,5,0,1,0.252475247,"Willie Calhoun",17838,641432
"Giancarlo Stanton","NYY",202,539,588,136,71,22,0,43,73,109,45,0,195,2,1,0,16,1,0,0.252319109,"Giancarlo Stanton",4949,519317
"Heliot Ramos","SFG",325,999,1092,252,180,33,5,34,118,123,70,0,267,15,8,0,24,8,3,0.252252252,"Heliot Ramos",22515,671218
"Kevin Newman","- - -",116,242,258,61,49,9,0,3,29,25,11,0,47,0,1,4,7,4,1,0.252066115,"Kevin Newman",17696,621028
"Brandon Valenzuela","TOR",51,123,137,31,21,4,0,6,17,12,13,0,34,0,0,1,1,1,0,0.25203252,"Brandon Valenzuela",23813,678218
"Tyler Stephenson","CIN",281,755,847,190,119,40,1,30,94,112,76,0,249,9,7,0,13,1,2,0.251655629,"Tyler Stephenson",17988,663886
"Dylan Beavers","BAL",79,207,246,52,31,15,1,5,30,23,36,0,64,2,0,1,1,5,5,0.251207729,"Dylan Beavers",31695,687637
"José Ramírez","CLE",374,1060,1199,266,150,59,3,54,176,157,121,24,156,8,8,0,11,70,7,0.250943396,"Jose Ramirez",13510,608070
"Caleb Durbin","- - -",209,546,615,137,87,36,1,13,75,66,40,0,79,22,5,2,15,21,8,0.25091575,"Caleb Durbin",29646,702332
"Willy Adames","- - -",392,1166,1311,292,169,60,1,62,173,197,128,3,337,7,9,0,21,29,8,0.250428816,"Willy Adames",15986,642715
"Xander Bogaerts","SDP",324,923,1029,231,171,35,0,25,119,105,85,0,194,8,12,1,20,30,3,0.250270855,"Xander Bogaerts",12161,593428
"DJ LeMahieu","NYY",90,212,234,53,42,8,0,3,20,26,18,0,46,1,2,1,10,0,1,0.25,"DJ LeMahieu",9874,518934
"Harold Ramírez","- - -",59,144,150,36,30,5,1,0,16,15,3,0,32,2,1,0,2,6,2,0.25,"Harold Ramirez",14387,623912
"Jose Trevino","- - -",156,388,416,97,67,20,0,10,42,41,21,0,65,1,4,2,14,1,0,0.25,"Jose Trevino",16725,624431
"Connor Wong","BOS",202,516,569,129,90,30,1,8,54,48,33,0,135,12,4,4,11,10,8,0.25,"Connor Wong",19896,657136
"Conner Capel","CIN",4,8,8,2,2,0,0,0,1,0,0,0,2,0,0,0,0,1,0,0.25,"Conner Capel",19983,668843
"Nick Madrigal","- - -",38,88,99,22,20,2,0,0,9,6,8,0,8,3,0,0,3,0,1,0.25,"Nick Madrigal",20521,663611
"Livan Soto","- - -",7,12,14,3,2,1,0,0,1,0,2,0,3,0,0,0,0,0,0,0.25,"Livan Soto",22471,670869
"Eduardo Valencia","DET",3,4,5,1,1,0,0,0,0,0,0,0,2,1,0,0,0,0,0,0.25,"Eduardo Valencia",24574,680664
"Michael Helman","TEX",34,68,79,17,11,3,1,2,12,9,6,0,12,2,0,3,0,4,0,0.25,"Michael Helman",24605,680737
"Ryan Fitzgerald","MIN",19,28,33,7,5,0,0,2,7,5,5,0,6,0,0,0,0,1,0,0.25,"Ryan Fitzgerald",24622,680837
"Owen Miller","- - -",12,16,17,4,4,0,0,0,1,4,1,0,5,0,0,0,0,0,0,0.25,"Owen Miller",24655,680911
"Jonny DeLuca","TBR",149,384,410,96,66,17,4,9,38,36,19,0,81,4,0,3,5,27,7,0.25,"Jonny DeLuca",26365,676356
"Jesus Rodriguez","SFG",12,28,31,7,5,0,0,2,3,7,2,0,3,1,0,0,2,1,0,0.25,"Jesus Rodriguez",26991,683679
"Blaze Jordan","STL",21,52,59,13,10,2,0,1,5,13,3,0,10,0,4,0,1,0,0,0.25,"Blaze Jordan",28199,691458
"Joe Mack","MIA",53,128,140,32,21,5,0,6,20,17,10,0,33,2,0,0,6,0,0,0.25,"Joe Mack",29780,691788
"Tyler Black","MIL",32,76,90,19,13,6,0,0,6,10,13,0,24,1,0,0,0,3,1,0.25,"Tyler Black",29949,672012
"Zach Dezenzo","HOU",68,172,186,43,30,9,0,4,24,18,14,0,62,0,0,0,6,0,0,0.25,"Zach Dezenzo",31562,701305
"Drew Cavanaugh","SFG",14,36,42,9,9,0,0,0,2,2,6,0,11,0,0,0,0,0,0,0.25,"Drew Cavanaugh",33380,701852
"Bryce Eldridge","SFG",66,176,210,44,26,10,0,8,23,20,31,1,56,1,2,0,0,0,0,0.25,"Bryce Eldridge",33390,805811
"Braden Montgomery","CHW",30,84,94,21,10,7,1,3,14,15,9,0,16,1,0,0,2,1,1,0.25,"Braden Montgomery",35423,695731
"Munetaka Murakami","CHW",61,156,190,39,19,4,0,16,36,30,33,3,60,1,0,0,1,1,2,0.25,"Munetaka Murakami",37120,808959
"Sung-Mun Song","SDP",35,80,94,20,15,4,0,1,16,12,13,0,15,0,0,1,1,10,2,0.25,"Sung-Mun Song",37122,823550
"Oneil Cruz","PIT",329,934,1064,233,137,48,4,44,140,139,116,10,328,7,7,0,10,67,7,0.249464668,"Oneil Cruz",21711,665833
"Nick Fortes","- - -",208,441,481,110,82,18,1,9,42,50,17,0,71,10,5,8,11,1,1,0.249433106,"Nick Fortes",21538,663743
"José Tena","- - -",160,413,448,103,69,23,3,8,49,42,32,0,116,2,1,0,10,11,2,0.249394673,"Jose Tena",23691,677588
"Austin Martin","MIN",176,409,459,102,77,21,2,2,60,29,44,0,85,3,0,3,11,18,7,0.249388753,"Austin Martin",27462,668885
"Hunter Goodman","COL",272,774,832,193,105,32,4,52,99,124,46,0,232,8,4,0,17,7,6,0.249354005,"Hunter Goodman",29715,696100
"Oswaldo Cabrera","NYY",126,317,354,79,59,11,0,9,51,38,27,0,68,2,4,4,5,4,3,0.249211356,"Oswaldo Cabrera",21707,665828
"Wilyer Abreu","BOS",333,903,1013,225,124,52,4,45,126,142,95,7,260,2,12,0,13,15,7,0.249169435,"Wilyer Abreu",23772,677800
"Kyle Karros","COL",118,289,338,72,51,10,2,9,50,36,41,0,77,4,4,0,5,3,0,0.249134948,"Kyle Karros",33252,691720
"Heriberto Hernández","MIA",119,281,317,70,46,11,1,12,41,50,30,0,78,3,3,0,4,4,3,0.24911032,"Heriberto Hernandez",24878,681715
"Carter Jensen","KCR",106,281,321,70,35,21,0,14,43,49,35,1,92,0,5,0,4,0,0,0.24911032,"Carter Jensen",29478,695600
"Nicky Lopez","- - -",174,458,511,114,94,15,3,2,47,32,43,0,76,4,0,6,8,5,8,0.248908296,"Nicky Lopez",19339,670032
"Cody Bellinger","- - -",362,1021,1153,254,163,44,5,42,141,144,120,8,179,3,9,0,15,25,6,0.24877571,"Cody Bellinger",15998,641355
"Joey Loperfido","- - -",151,362,399,90,54,23,5,8,44,44,25,1,129,7,2,2,5,4,4,0.248618784,"Joey Loperfido",29630,694388
"José Fermín","STL",96,165,188,41,29,8,1,3,15,24,18,0,32,2,1,1,6,3,2,0.248484848,"Jose Fermin",21746,665877
"Austin Riley","ATL",295,882,964,219,135,44,3,37,113,126,65,1,273,13,4,0,16,5,2,0.248299319,"Austin Riley",18360,663586
"Francisco Alvarez","NYM",222,588,651,146,96,25,2,23,70,74,50,0,175,8,3,0,18,0,0,0.248299319,"Francisco Alvarez",26121,682626
"Brett Baty","NYM",261,673,749,167,117,24,3,23,81,82,65,1,184,2,7,0,11,9,1,0.248142644,"Brett Baty",26123,683146
"Jhonny Pereda","- - -",50,129,139,32,26,5,0,1,5,11,8,0,31,1,0,1,2,0,0,0.248062015,"Jhonny Pereda",19802,640902
"Trey Lipscomb","WSN",50,121,139,30,27,2,0,1,16,9,14,0,28,1,1,1,3,8,0,0.247933884,"Trey Lipscomb",31567,702358
"Pavin Smith","ARI",168,416,483,103,58,27,1,17,62,60,60,1,127,0,6,0,10,4,1,0.247596153,"Pavin Smith",19892,656976
"Ty France","- - -",310,828,920,205,138,41,1,25,87,110,50,0,182,32,9,0,25,3,0,0.247584541,"Ty France",17982,664034
"Joey Meneses","- - -",74,202,225,50,39,9,0,2,15,28,17,0,42,2,4,0,5,0,0,0.247524752,"Joey Meneses",14366,608841
"Ezequiel Tovar","COL",325,974,1036,241,145,57,7,32,113,104,35,0,268,5,12,10,18,10,6,0.247433264,"Ezequiel Tovar",24064,678662
"Lars Nootbaar","STL",256,692,803,171,109,37,3,22,98,83,102,6,147,3,5,1,13,9,7,0.247109826,"Lars Nootbaar",21454,663457
"James McCann","- - -",108,255,280,63,42,11,0,10,34,41,16,0,77,3,4,2,6,1,0,0.247058823,"James McCann",12859,543510
"Andy Pages","LAD",353,1020,1116,252,154,49,3,46,141,156,65,0,248,18,13,0,19,14,9,0.247058823,"Andy Pages",24816,681624
"Johan Rojas","PHI",147,324,354,80,65,9,3,3,47,35,18,0,70,2,3,7,7,24,5,0.24691358,"Johan Rojas",24336,679032
"Chase Meidroth","CHW",201,559,633,138,110,20,0,8,75,43,57,0,116,8,3,6,15,10,6,0.246869409,"Chase Meidroth",31580,805367
"Cody Freeman","TEX",33,77,83,19,16,2,0,1,7,10,5,0,13,0,0,1,0,1,1,0.246753246,"Cody Freeman",25629,683227
"Nick Sogard","BOS",57,146,165,36,26,9,1,0,18,15,14,0,40,3,1,1,6,5,0,0.246575342,"Nick Sogard",25483,686765
"Christian Koss","SFG",63,146,160,36,24,9,0,3,22,21,7,0,30,2,2,3,4,4,1,0.246575342,"Christian Koss",27653,683766
"Cole Young","SEA",165,414,466,102,72,16,0,14,58,53,41,1,78,5,3,3,7,2,2,0.246376811,"Cole Young",31680,702284
"Adam Frazier","- - -",266,662,733,163,120,30,2,11,77,58,50,2,141,12,5,4,8,9,5,0.246223564,"Adam Frazier",15223,624428
"Ronny Simon","- - -",25,65,74,16,13,3,0,0,10,6,7,0,13,0,2,0,1,1,0,0.246153846,"Ronny Simon",25346,682927
"Nick Castellanos","- - -",330,906,978,223,145,44,6,28,119,116,54,0,209,11,7,0,21,10,2,0.246136865,"Nick Castellanos",11737,592206
"Eugenio Suárez","- - -",368,1024,1130,252,132,54,2,64,141,196,69,1,325,24,13,0,18,6,3,0.24609375,"Eugenio Suarez",12552,553993
"Drew Gilbert","SFG",102,252,285,62,38,14,3,7,32,31,24,2,42,6,2,1,5,1,3,0.246031746,"Drew Gilbert",31545,687551
"Jazz Chisholm Jr.","- - -",343,924,1045,227,133,37,4,53,151,129,113,7,279,4,4,0,9,80,15,0.245670995,"Jazz Chisholm Jr.",20454,665862
"Ronny Mauricio","NYM",69,171,185,42,29,6,0,7,21,12,13,1,53,1,0,0,4,4,0,0.245614035,"Ronny Mauricio",23698,677595
"Jeff McNeil","- - -",318,847,953,208,133,48,3,24,99,105,79,6,124,17,9,1,16,5,3,0.245572609,"Jeff McNeil",15362,643446
"Warming Bernabel","COL",36,110,117,27,15,8,1,3,13,9,7,0,23,0,0,0,2,1,0,0.245454545,"Warming Bernabel",26536,682653
"Sal Stewart","CIN",115,330,370,81,44,19,0,18,50,61,34,0,79,1,5,0,7,7,3,0.245454545,"Sal Stewart",31505,701398
"Rowdy Tellez","- - -",240,620,672,152,95,28,0,29,68,103,40,0,148,4,8,0,19,2,0,0.24516129,"Rowdy Tellez",15679,642133
"Eloy Jiménez","- - -",94,253,277,62,47,9,0,6,23,22,20,1,58,2,2,0,12,1,0,0.245059288,"Eloy Jimenez",17484,650391
"José Azócar","- - -",42,49,53,12,11,1,0,0,8,2,4,0,11,0,0,0,1,4,0,0.244897959,"Jose Azocar",18821,640492
"Jake Burger","- - -",313,907,972,222,142,37,1,42,117,126,48,0,256,15,2,0,15,4,0,0.244762954,"Jake Burger",22275,669394
"Michael Siani","- - -",117,221,244,54,46,6,1,1,35,15,15,0,68,2,1,5,2,14,2,0.244343891,"Michael Siani",22557,672279
"Kyle McCann","OAK",50,131,147,32,23,4,0,5,13,14,15,1,56,1,0,0,2,0,0,0.244274809,"Kyle McCann",25575,668832
"Ian Happ","CHC",380,1077,1271,263,143,67,4,49,180,153,178,6,327,9,7,0,14,20,5,0.244196843,"Ian Happ",17919,664023
"Andrés Giménez","- - -",329,889,981,217,159,37,2,19,98,106,54,1,169,22,11,5,17,43,9,0.244094488,"Andres Gimenez",19950,665926
"Jake Meyers","HOU",261,697,775,170,126,26,4,14,86,73,59,0,160,8,6,5,22,17,7,0.243902439,"Jake Meyers",20308,676694
"Elias Díaz","- - -",197,460,501,112,75,26,0,11,53,56,30,1,115,6,2,3,17,0,0,0.24347826,"Elias Diaz",11680,553869
"Lenyn Sosa","- - -",253,690,724,168,122,24,1,21,67,75,22,0,162,7,2,3,16,5,2,0.24347826,"Lenyn Sosa",22896,672820
"Sebastián Rivero","LAA",28,70,72,17,13,4,0,0,7,10,2,0,19,0,0,0,1,0,0,0.242857142,"Sebastian Rivero",21735,665861
"Kahlil Watson","CLE",26,70,73,17,12,4,0,1,4,9,3,0,27,0,0,0,2,7,1,0.242857142,"Kahlil Watson",29905,696135
"Jake Cronenworth","SDP",323,832,975,202,128,43,4,27,124,119,110,1,194,20,8,1,15,7,4,0.242788461,"Jake Cronenworth",18036,630105
"Mike Yastrzemski","- - -",354,928,1060,225,129,49,8,39,131,114,120,5,228,4,6,2,10,7,3,0.242456896,"Mike Yastrzemski",14854,573262
"Ben Gamel","- - -",31,66,81,16,12,3,0,1,14,4,15,1,19,0,0,0,0,0,0,0.242424242,"Ben Gamel",12160,592325
"Brayan Rocchio","CLE",313,747,838,181,132,35,2,12,82,81,67,1,135,14,7,3,16,24,12,0.242302543,"Brayan Rocchio",23690,677587
"Luke Raley","SEA",281,702,798,170,97,31,3,39,96,109,50,1,243,37,4,5,5,12,4,0.242165242,"Luke Raley",19354,670042
"Yoán Moncada","- - -",130,347,402,84,49,16,4,15,50,43,47,1,110,7,1,0,7,2,0,0.242074927,"Yoan Moncada",17232,660162
"Brandon Nimmo","- - -",374,1087,1239,263,162,52,6,43,152,157,132,3,274,11,8,1,17,20,2,0.241950321,"Brandon Nimmo",12927,607043
"Jonatan Clase","- - -",58,124,136,30,21,4,0,5,17,17,10,0,38,1,0,1,2,5,0,0.241935483,"Jonatan Clase",26599,682729
"Isaac Paredes","- - -",342,980,1152,237,151,43,1,42,123,140,132,2,192,29,11,0,30,0,2,0.241836734,"Isaac Paredes",20036,670623
"Adrian Del Castillo","ARI",115,306,336,74,47,14,0,13,32,52,27,0,103,1,2,0,7,1,1,0.241830065,"Adrian Del Castillo",29554,680728
"Joey Bart","- - -",179,447,506,108,76,19,1,12,50,61,45,0,130,12,2,0,20,1,0,0.241610738,"Joey Bart",21524,663698
"Forrest Wall","- - -",14,29,32,7,7,0,0,0,4,1,3,0,8,0,0,0,0,4,3,0.24137931,"Forrest Wall",16496,657088
"Hao-Yu Lee","DET",36,87,91,21,16,3,0,2,6,10,4,0,25,0,0,0,1,1,2,0.24137931,"Hao-Yu Lee",30080,701678
"Oscar Colás","CHW",12,29,34,7,7,0,0,0,1,3,4,0,8,1,0,0,0,0,1,0.24137931,"Oscar Colas",30162,693049
"Luis Matos","- - -",82,199,211,48,34,7,1,6,23,28,11,0,28,0,1,0,5,2,0,0.24120603,"Luis Matos",26467,682641
"Tomás Nido","- - -",49,112,117,27,20,3,0,4,14,9,2,0,27,1,1,1,0,0,0,0.241071428,"Tomas Nido",13755,621512
"Luisangel Acuña","- - -",119,224,243,54,46,6,0,2,37,14,13,0,46,2,2,2,9,20,4,0.241071428,"Luisangel Acuna",26548,682668
"Jackson Holliday","BAL",245,672,752,162,115,20,6,21,90,72,73,1,181,3,4,0,6,17,10,0.241071428,"Jackson Holliday",31781,702616
"Tyler Fitzgerald","SFG",149,361,393,87,53,21,1,12,45,30,22,0,120,4,1,5,4,15,6,0.240997229,"Tyler Fitzgerald",26208,666149
"Petey Halpin","CLE",28,54,59,13,10,2,1,0,11,1,3,0,16,0,0,2,1,4,0,0.24074074,"Petey Halpin",27931,690984
"Alex Verdugo","- - -",195,561,611,135,88,35,1,11,75,64,41,0,87,1,8,0,8,2,0,0.240641711,"Alex Verdugo",17027,657077
"Gavin Sheets","- - -",360,956,1074,230,137,54,0,39,117,123,104,3,217,12,2,0,18,7,2,0.240585774,"Gavin Sheets",19901,657757
"Joc Pederson","- - -",315,823,969,198,118,33,2,45,117,117,110,3,205,22,7,1,15,9,4,0.240583232,"Joc Pederson",11899,592626
"Luis Urías","- - -",114,287,331,69,50,10,0,9,28,33,30,0,57,9,3,0,8,1,0,0.240418118,"Luis Urias",16622,649966
"Austin Wynns","- - -",47,104,112,25,13,7,0,5,13,18,6,0,30,1,0,1,2,0,0,0.240384615,"Austin Wynns",15271,642851
"Justin Turner","- - -",175,412,480,99,75,16,0,8,46,43,50,0,87,11,7,0,16,0,1,0.240291262,"Justin Turner",5235,457759
"Paul DeJong","- - -",171,462,498,111,69,22,0,20,51,56,22,0,153,9,5,0,7,5,1,0.24025974,"Paul DeJong",18015,657557
"Brooks Baldwin","CHW",125,329,354,79,49,17,1,12,34,37,19,0,101,1,2,3,7,7,0,0.24012158,"Brooks Baldwin",31394,681460
"Noelvi Marte","CIN",181,525,554,126,77,28,2,19,62,57,21,0,133,6,2,0,9,20,4,0.24,"Noelvi Marte",26517,682622
"Rikuu Nishida","CHW",10,25,26,6,6,0,0,0,3,1,0,0,4,0,0,1,0,0,0,0.24,"Rikuu Nishida",33795,807747
"Thairo Estrada","- - -",130,396,413,95,65,19,2,9,42,49,9,0,79,6,2,0,12,3,4,0.239898989,"Thairo Estrada",16426,642731
"Blake Dunn","CIN",68,146,164,35,26,5,1,3,23,10,11,0,38,6,1,0,1,4,2,0.239726027,"Blake Dunn",29487,694362
"George Valera","CLE",28,71,79,17,10,5,0,2,8,11,8,0,20,0,0,0,0,0,0,0.239436619,"George Valera",22541,671655
"Nacho Alvarez Jr.","ATL",57,163,176,39,27,10,0,2,14,9,7,0,40,5,0,1,2,0,0,0.239263803,"Nacho Alvarez Jr.",31765,805373
"Randy Arozarena","- - -",385,1079,1273,258,159,58,1,40,167,129,131,2,332,55,8,0,18,59,16,0.239110287,"Randy Arozarena",19290,668227
"Corbin Carroll","ARI",366,1038,1202,248,120,51,29,48,214,140,141,5,262,12,11,0,12,51,14,0.238921001,"Corbin Carroll",25878,682998
"Alexander Canario","- - -",60,134,146,32,25,3,1,3,17,12,11,0,51,1,0,0,4,4,1,0.23880597,"Alexander Canario",22842,672744
"Keibert Ruiz","WSN",243,666,705,159,107,36,0,16,73,82,23,0,74,8,8,0,11,4,3,0.238738738,"Keibert Ruiz",19610,660688
"Jordan Walker","STL",241,658,713,157,102,30,2,23,74,101,43,0,213,6,6,0,14,18,6,0.238601823,"Jordan Walker",27475,691023
"David Fry","CLE",136,285,315,68,46,12,1,9,36,28,21,1,75,5,2,0,10,2,1,0.238596491,"David Fry",24934,681807
"Christian Walker","- - -",364,1094,1217,261,145,53,2,61,147,173,93,4,311,22,8,0,22,3,2,0.23857404,"Christian Walker",13419,572233
"Willi Castro","- - -",338,897,1031,214,143,43,6,22,140,102,97,1,256,30,5,2,15,22,13,0.238573021,"Willi Castro",17338,650489
"Lawrence Butler","OAK",343,977,1095,233,138,53,3,39,151,122,112,1,275,0,4,2,15,36,6,0.238485158,"Lawrence Butler",22542,671732
"Drew Millas","WSN",74,193,219,46,33,9,1,3,25,17,16,0,39,3,1,3,2,3,1,0.238341968,"Drew Millas",25643,686452
"Andrew Benintendi","CHW",323,928,1036,221,136,42,3,40,118,145,95,4,184,2,11,0,14,4,2,0.238146551,"Andrew Benintendi",17901,643217
"Rob Refsnyder","- - -",129,231,254,55,37,12,1,5,28,22,18,0,69,2,1,1,6,4,2,0.238095238,"Rob Refsnyder",13770,608701
"Salvador Perez","KCR",395,1169,1273,278,165,59,0,54,111,192,67,6,258,24,9,0,35,0,0,0.237810094,"Salvador Perez",7304,521692
"TJ Friedl","CIN",280,799,936,190,134,29,3,24,104,93,97,0,159,22,9,9,5,18,3,0.237797246,"TJ Friedl",19522,670770
"Kris Bryant","COL",47,122,143,29,22,5,0,2,9,16,13,0,41,7,1,0,5,0,0,0.237704918,"Kris Bryant",15429,592178
"David Hamilton","- - -",235,573,637,136,90,26,4,16,85,57,51,0,147,1,0,11,3,60,12,0.237347294,"David Hamilton",27531,666152
"Matt Chapman","SFG",352,1007,1149,239,132,58,5,44,157,144,118,0,284,17,7,0,25,17,8,0.237338629,"Matt Chapman",16505,656305
"Tucker Barnhart","- - -",31,59,73,14,12,2,0,0,8,5,12,0,20,1,0,1,1,1,0,0.237288135,"Tucker Barnhart",10200,571466
"Ryan Jeffers","MIN",263,666,747,158,91,41,0,26,91,98,61,0,147,13,6,1,14,4,0,0.237237237,"Ryan Jeffers",24618,680777
"Ildemaro Vargas","- - -",180,409,451,97,73,17,3,4,43,55,26,1,49,4,6,6,11,8,3,0.237163814,"Ildemaro Vargas",13324,545121
"Alex Freeland","LAD",97,232,269,55,41,8,1,5,31,22,29,0,78,2,2,4,7,3,0,0.237068965,"Alex Freeland",31665,690976
"Freddy Fermin","- - -",222,557,611,132,100,22,0,10,66,51,39,0,116,4,5,6,11,2,2,0.236983842,"Freddy Fermin",21840,666023
"Chase DeLauter","CLE",79,211,237,50,31,10,0,9,22,28,25,0,31,0,1,0,5,3,2,0.236966824,"Chase DeLauter",32127,800050
"Brendan Rodgers","- - -",160,460,497,109,73,25,1,10,59,52,29,1,138,5,3,0,12,1,1,0.236956521,"Brendan Rodgers",17907,663898
"Lourdes Gurriel Jr.","ARI",287,840,913,199,128,40,4,27,91,128,43,0,161,14,16,0,23,12,3,0.236904761,"Lourdes Gurriel Jr.",19238,666971
"Gustavo Campero","LAA",36,76,86,18,14,1,1,2,13,7,5,0,16,5,0,0,2,7,0,0.236842105,"Gustavo Campero",22707,672569
"Austin Slater","- - -",83,131,146,31,23,7,0,1,18,13,12,0,48,1,1,1,4,0,0,0.236641221,"Austin Slater",16153,596103
"Zach Neto","LAA",371,1129,1259,267,149,65,2,51,169,146,86,2,339,34,4,6,18,55,22,0.236492471,"Zach Neto",31347,687263
"Jon Berti","- - -",59,110,121,26,23,2,0,1,15,8,9,0,28,2,0,0,2,12,3,0.236363636,"Jon Berti",12037,542932
"Sterlin Thompson","COL",26,55,62,13,8,3,0,2,6,8,4,0,16,3,0,0,1,0,0,0.236363636,"Sterlin Thompson",31443,694514
"Josh Lowe","- - -",261,738,809,174,106,36,4,28,95,84,63,5,219,3,3,2,6,37,3,0.235772357,"Josh Lowe",19953,666139
"Eric Wagaman","- - -",137,365,394,86,59,19,2,6,39,37,24,0,79,1,4,0,8,3,1,0.235616438,"Eric Wagaman",23395,676572
"Santiago Espinal","- - -",200,450,486,106,90,13,0,3,35,32,25,0,71,3,3,5,14,8,1,0.235555555,"Santiago Espinal",19997,669289
"Mike Trout","LAA",236,684,837,161,89,22,3,47,120,96,137,15,233,11,4,0,8,15,1,0.235380116,"Mike Trout",10155,545361
"Andruw Monasterio","- - -",120,238,254,56,37,16,0,3,22,20,13,0,68,2,0,1,4,6,3,0.235294117,"Andruw Monasterio",19455,655316
"José Caballero","- - -",308,727,808,171,123,33,1,14,91,78,59,0,187,11,6,5,11,89,25,0.235213204,"Jose Caballero",23401,676609
"Richie Palacios","TBR",172,438,517,103,76,16,2,9,73,40,68,2,99,8,2,0,11,27,5,0.235159817,"Richie Palacios",24589,680700
"Jacob Young","WSN",299,745,822,175,132,29,3,11,91,75,46,0,157,14,2,15,18,36,11,0.234899328,"Jacob Young",29931,696285
"Leody Taveras","- - -",274,711,780,167,112,29,9,17,90,85,54,0,176,1,6,8,6,40,9,0.23488045,"Leody Taveras",18900,665750
"Carson Kelly","- - -",248,643,724,151,108,20,1,22,80,89,65,0,134,12,4,0,17,1,0,0.234836702,"Carson Kelly",13620,608348
"Zack Gelof","OAK",218,618,677,145,92,26,2,25,88,67,42,0,219,7,5,5,9,26,4,0.234627831,"Zack Gelof",29766,680869
"Alejandro Osuna","TEX",113,273,319,64,54,7,0,3,28,27,36,1,51,7,2,1,3,9,5,0.234432234,"Alejandro Osuna",27915,696030
"Andrew McCutchen","- - -",267,704,808,165,110,30,1,24,88,76,92,3,188,5,5,0,18,3,1,0.234375,"Andrew McCutchen",9847,457705
"Emmanuel Rivera","- - -",104,239,266,56,46,6,1,3,14,23,18,0,59,5,3,1,5,1,0,0.234309623,"Emmanuel Rivera",19890,656896
"Andrew Vaughn","- - -",288,807,881,189,123,39,1,26,73,102,55,0,181,8,11,0,21,2,0,0.234200743,"Andrew Vaughn",26197,683734
"Curtis Mead","- - -",164,359,398,84,54,16,1,13,48,47,30,0,92,7,1,0,10,6,1,0.233983286,"Curtis Mead",23986,678554
"Shea Langeliers","OAK",329,966,1069,226,119,51,1,55,133,136,84,3,251,9,10,0,22,10,3,0.233954451,"Shea Langeliers",25816,669127
"Jonathan India","- - -",282,825,953,193,126,46,1,20,111,86,101,0,181,21,5,1,21,10,4,0.233939393,"Jonathan India",21523,663697
"Tommy Edman","LAD",150,389,434,91,66,14,2,9,50,50,29,0,75,7,6,3,5,7,1,0.233933161,"Tommy Edman",19470,669242
"Jared Young","NYM",69,171,192,40,22,8,0,10,22,23,14,0,44,5,2,0,4,0,0,0.233918128,"Jared Young",20404,676724
"Parker Meadows","DET",140,398,441,93,59,14,8,12,53,41,40,0,111,1,2,0,0,16,2,0.233668341,"Parker Meadows",23800,678009
"Owen Caissie","- - -",90,214,239,50,26,11,0,13,32,49,17,0,89,2,6,0,2,3,1,0.233644859,"Owen Caissie",27496,683357
"Brooks Lee","MIN",255,685,747,160,104,28,4,24,79,104,54,2,110,2,6,0,17,9,4,0.233576642,"Brooks Lee",31595,686797
"Jonathan Ornelas","- - -",14,30,32,7,6,1,0,0,1,2,1,0,10,0,0,1,0,0,0,0.233333333,"Jonathan Ornelas",24597,680716
"Thomas Saggese","STL",109,296,318,69,50,18,0,1,24,25,18,0,89,2,1,1,5,3,1,0.233108108,"Thomas Saggese",27883,695336
"Vidal Bruján","- - -",134,266,294,62,45,14,1,2,43,16,23,2,53,2,1,2,5,5,8,0.233082706,"Vidal Brujan",20536,660644
"Brenton Doyle","COL",294,841,919,196,129,33,5,29,109,101,61,1,257,2,10,5,20,47,7,0.233055885,"Brenton Doyle",25479,686668
"Zach McKinstry","DET",316,794,888,185,118,37,11,19,90,70,79,2,182,6,7,2,7,34,7,0.232997481,"Zach McKinstry",19392,656716
"Austin Hays","- - -",176,473,507,110,77,13,2,18,56,66,21,1,128,6,7,0,9,8,3,0.232558139,"Austin Hays",19363,669720
"Eric Haase","- - -",62,142,154,33,21,5,0,7,22,26,6,0,60,2,0,4,0,0,0,0.232394366,"Eric Haase",14111,606992
"Jordan Lawlar","ARI",29,56,62,13,8,4,0,1,6,3,3,0,22,3,0,0,0,3,0,0.232142857,"Jordan Lawlar",29976,691783
"Enmanuel Valdez","- - -",99,250,278,58,33,15,2,8,29,37,24,0,59,0,4,0,6,1,1,0.232,"Enmanuel Valdez",21716,665839
"Nick Gordon","MIA",90,233,247,54,37,9,1,7,24,29,10,0,61,1,3,0,4,5,5,0.231759656,"Nick Gordon",16337,624503
"Paul Goldschmidt","- - -",332,937,1005,217,145,43,2,27,109,103,57,1,266,3,4,0,26,9,1,0.231590181,"Paul Goldschmidt",9218,502671
"Edward Olivares","PIT",43,95,106,22,20,1,0,1,11,8,8,0,15,1,2,0,1,1,0,0.231578947,"Edward Olivares",19698,658668
"Whit Merrifield","- - -",85,186,214,43,33,6,3,1,29,9,22,0,37,3,0,3,4,11,1,0.231182795,"Whit Merrifield",11281,593160
"JJ Bleday","- - -",311,874,1001,202,103,58,5,36,126,102,120,5,208,4,2,0,11,6,7,0.231121281,"JJ Bleday",26368,668709
"Trent Grisham","NYY",264,701,827,162,92,24,2,44,122,108,115,1,178,4,5,1,12,8,3,0.23109843,"Trent Grisham",18564,663757
"Anthony Rizzo","NYY",88,251,278,58,40,10,0,8,34,32,22,0,46,4,1,0,5,0,0,0.231075697,"Anthony Rizzo",3473,519203
"Alek Thomas","ARI",189,502,542,116,73,27,4,12,64,52,28,0,134,5,3,4,11,11,3,0.231075697,"Alek Thomas",23792,677950
"Kyle Manzardo","CLE",277,732,822,169,99,32,2,36,75,94,73,2,228,11,6,0,11,1,0,0.230874316,"Kyle Manzardo",29794,700932
"Zach Remillard","CHW",11,13,16,3,2,1,0,0,0,0,3,0,5,0,0,0,0,0,0,0.23076923,"Zach Remillard",19788,621545
"David Hensley","MIA",13,13,17,3,3,0,0,0,4,1,4,0,6,0,0,0,0,0,0,0.23076923,"David Hensley",25111,682073
"Dustin Harris","- - -",34,78,88,18,10,5,1,2,11,10,9,0,20,0,1,0,1,5,1,0.23076923,"Dustin Harris",25705,687957
"Ryan Ward","LAD",20,52,57,12,5,4,0,3,7,12,5,0,15,0,0,0,2,0,0,0.23076923,"Ryan Ward",27449,669899
"Samuel Basallo","BAL",113,295,326,68,35,15,1,17,36,55,26,2,78,3,2,0,6,0,0,0.230508474,"Samuel Basallo",28824,694212
"Agustín Ramírez","MIA",160,469,511,108,60,32,0,16,64,61,31,0,92,7,4,0,13,14,2,0.230277185,"Agustin Ramirez",26546,682663
"Addison Barger","TOR",202,569,625,131,68,36,0,27,73,92,47,4,143,3,4,0,9,6,0,0.230228471,"Addison Barger",24598,680718
"Ozzie Albies","ATL",331,934,1055,215,146,41,2,26,130,124,98,1,174,11,12,0,9,20,5,0.230192719,"Ozzie Albies",16556,645277
"Spencer Steer","CIN",377,1069,1197,246,153,44,6,43,142,152,108,0,270,15,4,1,23,26,2,0.230121608,"Spencer Steer",26323,668715
"Tyrone Taylor","NYM",227,500,542,115,69,31,5,10,65,59,23,1,123,11,3,4,3,18,4,0.23,"Tyrone Taylor",13675,621438
"Abraham Toro","- - -",156,448,488,103,71,21,0,11,48,41,29,1,84,8,3,0,4,4,1,0.229910714,"Abraham Toro",19844,647351
"Wilmer Flores","SFG",169,396,446,91,67,12,0,12,42,60,37,0,79,9,4,0,15,0,0,0.229797979,"Wilmer Flores",5827,527038
"Nasim Nuñez","WSN",142,283,326,65,58,2,3,2,42,27,31,0,79,0,2,10,2,35,5,0.229681978,"Nasim Nunez",25979,683083
"Randal Grichuk","- - -",147,244,259,56,30,15,1,10,43,32,10,0,45,1,4,0,7,0,0,0.229508196,"Randal Grichuk",10243,545341
"Spencer Jones","NYY",28,61,68,14,10,2,0,2,3,7,7,0,29,0,0,0,0,1,0,0.229508196,"Spencer Jones",31532,682987
"Patrick Bailey","- - -",292,767,850,176,126,32,3,15,87,93,63,0,206,3,11,6,16,7,0,0.229465449,"Patrick Bailey",27478,672275
"J.P. Crawford","SEA",320,868,998,199,139,37,1,22,117,77,120,1,217,5,2,3,15,9,1,0.229262672,"J.P. Crawford",15491,641487
"Jacob Stallings","- - -",102,240,269,55,36,15,0,4,19,33,18,0,62,9,0,2,8,0,0,0.229166666,"Jacob Stallings",13723,607732
"Max Kepler","- - -",240,682,762,156,98,34,1,23,90,83,64,3,148,7,7,1,11,2,0,0.228739002,"Max Kepler",12144,596146
"Jakob Marsee","MIA",140,398,459,91,61,20,4,6,52,42,53,0,91,5,0,3,1,25,12,0.228643216,"Jakob Marsee",31370,805300
"Dalton Rushing","LAD",106,245,273,56,33,10,0,13,34,44,25,0,87,2,1,0,2,0,0,0.228571428,"Dalton Rushing",31382,687221
"Hunter Feduccia","- - -",92,184,220,42,30,9,1,2,20,19,30,0,58,1,3,2,2,1,0,0.228260869,"Hunter Feduccia",23372,676439
"Jake Bauers","MIL",282,662,778,151,92,24,2,33,114,109,106,5,239,9,1,0,3,24,3,0.228096676,"Jake Bauers",15194,641343
"Kristian Campbell","BOS",64,171,189,39,27,7,0,5,15,15,17,0,57,1,0,0,0,2,1,0.228070175,"Kristian Campbell",33644,692225
"Edmundo Sosa","PHI",171,347,373,79,54,12,2,11,44,54,10,0,84,5,3,5,8,6,1,0.227665706,"Edmundo Sosa",17022,624641
"Royce Lewis","MIN",235,646,702,147,86,32,0,29,73,96,48,0,168,1,7,0,6,14,1,0.227554179,"Royce Lewis",20437,668904
"Nick Martini","- - -",89,211,235,48,35,7,1,5,26,25,17,1,48,3,3,0,2,1,2,0.227488151,"Nick Martini",12005,605361
"Eli White","ATL",128,242,255,55,37,8,3,7,41,26,7,0,65,4,1,1,1,11,1,0.227272727,"Eli White",19346,642201
"Kody Clemens","- - -",230,603,659,137,60,32,7,38,91,97,44,2,155,8,3,1,9,7,2,0.227197346,"Kody Clemens",20572,665019
"Pedro Pagés","STL",196,471,513,107,74,14,0,19,52,57,26,0,132,4,4,8,14,3,0,0.22717622,"Pedro Pages",25782,686780
"Kyle Schwarber","PHI",367,956,1157,217,99,38,0,80,182,185,182,13,349,9,10,0,4,11,1,0.226987447,"Kyle Schwarber",16478,656941
"Kazuma Okamoto","TOR",93,269,303,61,34,10,0,17,40,49,28,0,99,4,2,0,5,0,0,0.226765799,"Kazuma Okamoto",37123,672960
"Joey Ortiz","MIL",329,794,887,180,129,34,4,13,101,91,74,0,148,5,7,7,19,22,8,0.226700251,"Joey Ortiz",25493,687401
"Colton Cowser","BAL",315,790,894,179,104,35,2,38,113,113,92,3,273,8,4,0,13,20,5,0.226582278,"Colton Cowser",29591,681297
"Jorge Polanco","- - -",264,715,810,162,97,31,0,34,80,93,80,4,181,7,6,2,16,4,3,0.226573426,"Jorge Polanco",13152,593871
"Christian Encarnacion-Strand","- - -",64,181,193,41,24,9,0,8,24,33,5,0,44,3,4,0,3,0,2,0.226519337,"Christian Encarnacion-Strand",30011,687952
"Derek Hill","- - -",119,234,251,53,42,5,0,6,37,23,10,0,85,4,1,2,4,15,3,0.226495726,"Derek Hill",16947,656537
"Wenceel Pérez","DET",244,658,725,149,95,27,8,19,88,63,59,0,153,3,3,2,7,17,7,0.226443768,"Wenceel Perez",22857,672761
"Max Schuemann","- - -",210,464,541,105,81,14,2,8,64,35,56,0,130,12,4,5,8,21,3,0.226293103,"Max Schuemann",24488,680474
"Otto Kemp","PHI",55,137,149,31,19,8,0,4,18,19,5,0,43,5,2,0,2,1,2,0.226277372,"Otto Kemp",31792,805249
"Zach Cole","HOU",32,84,88,19,9,3,0,7,11,19,3,0,33,1,0,0,0,3,0,0.226190476,"Zach Cole",31583,805904
"Kyle Higashioka","- - -",196,482,527,109,69,17,1,22,58,70,40,0,134,2,2,1,10,2,0,0.226141078,"Kyle Higashioka",5517,543309
"Josh Rojas","- - -",215,553,622,125,84,28,2,11,65,42,60,1,132,2,4,1,10,13,5,0.226039783,"Josh Rojas",19734,668942
"Logan O'Hoppe","LAA",303,890,957,201,137,27,2,35,93,99,50,0,285,11,3,3,17,4,2,0.225842696,"Logan O'Hoppe",24729,681351
"Taylor Ward","- - -",403,1218,1414,275,165,54,3,53,167,163,170,0,351,13,13,0,27,11,7,0.225779967,"Taylor Ward",17548,621493
"Ryan McMahon","- - -",358,957,1091,216,126,48,1,41,123,116,123,5,330,3,6,0,16,9,6,0.225705329,"Ryan McMahon",15112,641857
"Evan Carter","TEX",183,483,558,109,63,22,6,18,74,61,60,1,121,11,2,2,4,27,3,0.225672877,"Evan Carter",27790,694497
"Nolan Jones","- - -",194,452,523,102,68,24,3,7,53,52,61,3,140,3,6,1,9,9,5,0.225663716,"Nolan Jones",20529,666134
"Anthony Santander","- - -",201,581,651,131,69,22,2,38,78,92,60,2,127,5,5,0,13,2,0,0.225473321,"Anthony Santander",14551,623993
"Matt Vierling","DET",222,581,633,131,82,27,6,16,75,59,40,0,131,5,6,1,12,10,2,0.225473321,"Matt Vierling",21558,663837
"Seth Brown","OAK",155,404,442,91,63,13,1,14,36,44,33,0,121,4,1,0,9,5,2,0.225247524,"Seth Brown",18171,664913
"Jarred Kelenic","- - -",169,453,498,102,63,20,2,17,53,45,41,1,154,1,2,1,5,7,2,0.225165562,"Jarred Kelenic",22558,672284
"Matt Carpenter","STL",56,120,138,27,16,7,0,4,14,12,14,0,46,1,2,0,0,0,2,0.225,"Matt Carpenter",8090,572761
"Yasmani Grandal","PIT",64,160,183,36,20,7,0,9,21,22,20,0,32,0,1,2,4,1,0,0.225,"Yasmani Grandal",11368,518735
"Ramón Urías","- - -",205,480,538,108,73,19,2,14,53,54,40,0,105,7,11,0,5,3,1,0.225,"Ramon Urias",18795,602104
"J.D. Martinez","NYM",112,316,357,71,42,18,1,10,28,45,31,0,103,4,2,0,16,0,0,0.224683544,"J.D. Martinez",6184,502110
"Mitch Haniger","SEA",104,245,278,55,35,11,0,9,29,34,30,0,79,2,1,0,6,0,0,0.224489795,"Mitch Haniger",14274,571745
"Connor Joe","- - -",124,272,305,61,40,14,1,6,33,25,29,0,74,3,1,0,5,5,2,0.224264705,"Connor Joe",16572,656582
"Anthony Volpe","NYY",337,932,1021,209,130,47,8,24,122,107,70,0,249,7,8,3,11,30,12,0.224248927,"Anthony Volpe",27647,683011
"Mark Vientos","NYM",277,727,801,163,98,27,1,37,87,110,56,0,218,10,8,0,19,1,0,0.224209078,"Mark Vientos",22184,668901
"Chadwick Tromp","- - -",31,67,72,15,9,5,0,1,5,8,2,0,20,0,2,1,2,0,0,0.223880597,"Chadwick Tromp",16953,644433
"Yohel Pozo","STL",64,134,140,30,20,6,0,4,11,15,6,0,19,0,0,0,2,0,0,0.223880597,"Yohel Pozo",18848,650968
"Colson Montgomery","CHW",157,420,473,94,47,13,1,33,66,78,46,4,154,5,1,0,5,1,1,0.223809523,"Colson Montgomery",29712,695657
"Ryan Ritter","COL",62,152,168,34,24,6,3,1,17,13,9,0,53,4,0,3,6,3,1,0.22368421,"Ryan Ritter",31500,690022
"Christian Vázquez","- - -",191,474,521,106,79,16,0,11,47,46,31,1,93,4,5,7,13,2,2,0.223628691,"Christian Vazquez",9774,543877
"Gabriel Arias","CLE",183,461,502,103,66,23,1,13,47,60,27,0,171,8,5,1,7,11,4,0.223427331,"Gabriel Arias",22563,672356
"Ryan Waldschmidt","ARI",34,94,103,21,14,6,1,0,9,6,6,0,40,1,1,0,0,2,1,0.223404255,"Ryan Waldschmidt",35061,814439
"Jordan Beck","COL",201,573,626,128,87,24,4,13,58,54,46,0,188,4,2,0,10,22,8,0.223385689,"Jordan Beck",31431,687597
"Cam Smith","HOU",211,573,632,128,88,24,2,14,65,61,48,0,166,7,3,0,12,12,1,0.223385689,"Cam Smith",35108,701358
"CJ Kayfus","CLE",50,121,138,27,12,10,1,4,18,19,13,0,37,2,1,1,0,3,0,0.223140495,"CJ Kayfus",33704,692216
"Dane Myers","- - -",151,296,325,66,56,4,0,6,31,27,27,0,89,1,1,0,10,16,5,0.222972972,"Dane Myers",22054,667472
"Luis Robert Jr.","- - -",223,655,710,146,97,28,0,21,75,70,48,1,211,1,3,1,14,40,14,0.222900763,"Luis Robert Jr.",20043,673357
"Carlos Narváez","- - -",160,422,470,94,56,24,0,14,45,44,35,0,132,4,4,5,13,1,0,0.222748815,"Carlos Narvaez",19722,665966
"Max Muncy","ATH",94,265,284,59,36,11,0,12,29,37,9,0,93,6,4,0,3,1,1,0.222641509,"Max Muncy",29779,691777
"Dansby Swanson","CHC",388,1111,1235,247,154,48,5,40,156,155,111,1,300,4,8,1,18,43,3,0.222322232,"Dansby Swanson",18314,621020
"Trey Mancini","LAA",4,9,10,2,2,0,0,0,1,2,0,0,1,0,1,0,1,0,0,0.222222222,"Trey Mancini",15149,641820
"Anthony Seigler","- - -",58,117,135,26,19,6,0,1,15,8,14,0,29,2,1,1,3,4,0,0.222222222,"Anthony Seigler",23802,678011
"Matt Gorski","PIT",9,18,19,4,3,0,0,1,1,3,1,0,7,0,0,0,0,0,0,0.222222222,"Matt Gorski",25855,685301
"Kevin Alcántara","CHC",16,18,18,4,4,0,0,0,4,2,0,0,6,0,0,0,0,1,0,0.222222222,"Kevin Alcantara",25971,682634
"Robert Hassell III","WSN",60,162,168,36,25,8,0,3,18,16,6,0,49,0,0,0,3,4,0,0.222222222,"Robert Hassell III",27482,690987
"Ben Malgeri","DET",8,9,11,2,2,0,0,0,0,2,2,0,2,0,0,0,0,0,0,0.222222222,"Ben Malgeri",29577,701162
"Adley Rutschman","BAL",285,788,892,175,109,38,3,25,95,106,88,2,149,4,12,0,14,1,0,0.222081218,"Adley Rutschman",26288,668939
"Luis Torrens","NYM",167,392,428,87,57,23,0,7,39,50,28,0,86,6,0,2,8,1,0,0.221938775,"Luis Torrens",15905,620443
"Jac Caglianone","KCR",144,379,421,84,49,18,2,15,50,38,38,0,107,3,1,0,6,2,1,0.221635883,"Jac Caglianone",35041,695506
"Marcus Semien","- - -",355,1065,1176,236,156,40,2,38,142,132,93,1,202,8,9,1,22,15,5,0.221596244,"Marcus Semien",12533,543760
"Mark Canha","- - -",139,334,389,74,55,14,0,5,38,35,38,0,81,12,5,0,9,5,0,0.221556886,"Mark Canha",11445,592192
"Cal Raleigh","SEA",362,984,1165,218,113,38,0,67,146,180,163,19,326,11,7,0,8,11,1,0.221544715,"Cal Raleigh",21534,663728
"LaMonte Wade Jr.","- - -",201,515,610,114,78,22,2,12,66,53,85,6,147,6,3,1,4,2,1,0.221359223,"LaMonte Wade Jr.",18126,664774
"Enrique Hernández","LAD",167,366,399,81,53,18,0,10,40,44,27,0,94,0,4,2,7,0,0,0.221311475,"Enrique Hernandez",10472,571771
"Edgar Quero","CHW",147,330,371,73,61,8,0,4,27,29,31,0,75,5,3,2,10,0,1,0.221212121,"Edgar Quero",28022,700337
"Vaughn Grissom","- - -",82,208,227,46,31,10,0,5,19,32,12,0,39,4,3,0,7,2,0,0.221153846,"Vaughn Grissom",26031,687093
"Matt Wallner","MIN",204,511,600,113,52,25,3,33,66,71,62,0,204,24,3,0,6,3,4,0.221135029,"Matt Wallner",26466,670242
"Jorge Soler","- - -",289,810,925,179,101,41,2,35,106,114,92,0,263,11,8,0,17,1,0,0.220987654,"Jorge Soler",14221,624585
"Javier Báez","DET",205,557,590,123,79,27,1,16,63,74,18,1,144,8,6,0,18,8,1,0.220825852,"Javier Baez",12979,595879
"Jerar Encarnacion","SFG",51,118,122,26,17,3,0,6,13,17,3,0,33,0,1,0,1,1,0,0.220338983,"Jerar Encarnacion",21871,666464
"Kameron Misner","- - -",81,200,220,44,31,8,1,4,25,20,16,0,75,0,2,2,1,9,2,0.22,"Kameron Misner",26374,670224
"Denzel Clarke","ATH",57,150,163,33,24,6,1,2,18,11,7,0,65,3,0,3,1,8,0,0.22,"Denzel Clarke",29858,672016
"Tyler Wade","SDP",120,205,236,45,39,4,2,0,34,14,21,0,46,3,0,6,0,9,3,0.219512195,"Tyler Wade",15730,642180
"Austin Shenton","TBR",19,41,49,9,3,5,0,1,3,3,8,0,13,0,0,0,1,0,0,0.219512195,"Austin Shenton",25425,668853
"Adolis García","- - -",342,980,1068,215,134,45,1,35,104,127,65,0,286,12,11,0,18,23,7,0.219387755,"Adolis Garcia",19287,666969
"Miles Mastrobuoni","- - -",126,242,274,53,48,4,0,1,27,15,25,0,50,0,3,4,3,8,3,0.219008264,"Miles Mastrobuoni",20017,670156
"Austin Barnes","LAD",55,137,150,30,26,3,0,1,11,9,11,0,43,0,0,2,4,3,0,0.218978102,"Austin Barnes",12158,605131
"Elehuris Montero","COL",59,169,185,37,23,10,0,4,18,22,14,0,43,0,2,0,5,0,0,0.218934911,"Elehuris Montero",20543,660707
"Luis Guillorme","- - -",68,160,186,35,25,9,1,0,14,10,23,0,38,0,2,1,7,3,2,0.21875,"Luis Guillorme",16451,641645
"Rhys Hoskins","- - -",267,672,781,147,85,30,1,31,77,103,87,1,228,13,8,0,12,5,1,0.21875,"Rhys Hoskins",16472,656555
"Orlando Arcia","- - -",219,599,643,131,92,20,1,18,53,50,36,0,131,2,5,1,16,2,2,0.218697829,"Orlando Arcia",13185,606115
"Travis Jankowski","- - -",98,215,237,47,39,7,0,1,25,14,15,0,51,5,1,1,3,12,1,0.218604651,"Travis Jankowski",13768,608671
"Matt Shaw","CHC",152,362,406,79,49,18,3,9,49,37,35,0,86,3,5,1,2,14,4,0.218232044,"Matt Shaw",33322,807713
"Joshua Palacios","- - -",67,165,193,36,26,5,0,5,16,18,22,0,39,5,0,1,1,1,0,0.218181818,"Joshua Palacios",19818,641943
"Riley Adams","WSN",96,243,264,53,37,9,0,7,28,26,17,0,91,2,2,0,6,2,0,0.218106995,"Riley Adams",19864,656180
"J.D. Davis","- - -",39,101,110,22,16,4,0,2,9,4,6,0,26,3,0,0,3,0,0,0.217821782,"J.D. Davis",16219,605204
"Travis d'Arnaud","- - -",163,432,474,94,56,26,0,12,45,51,31,0,133,8,3,0,12,1,0,0.217592592,"Travis d'Arnaud",7739,518595
"Jason Vosler","SEA",9,23,25,5,3,1,1,0,2,3,2,0,8,0,0,0,0,0,0,0.217391304,"Jason Vosler",16686,613564
"Zach DeLoach","CHW",21,46,52,10,6,4,0,0,8,4,6,0,12,0,0,0,0,0,1,0.217391304,"Zach DeLoach",27471,676113
"Yanquiel Fernández","COL",50,129,138,28,20,4,0,4,12,11,8,0,42,0,1,0,3,0,0,0.217054263,"Yanquiel Fernandez",28552,692585
"Maximo Acosta","MIA",16,37,41,8,4,1,0,3,6,4,4,0,10,0,0,0,0,0,2,0.216216216,"Maximo Acosta",27963,691185
"Daniel Susac","SFG",28,74,83,16,10,5,1,0,3,12,3,0,24,2,2,2,2,1,1,0.216216216,"Daniel Susac",31441,691740
"Dominic Fletcher","CHW",78,199,211,43,31,10,0,2,14,17,7,1,46,1,1,2,4,1,0,0.216080402,"Dominic Fletcher",26149,666150
"Cedric Mullins","- - -",340,889,1011,192,115,32,3,42,129,120,94,0,233,9,8,4,4,58,12,0.215973003,"Cedric Mullins",17929,656775
"Heston Kjerstad","BAL",86,218,242,47,31,6,2,8,19,30,15,2,65,8,1,0,5,2,0,0.21559633,"Heston Kjerstad",31166,677008
"Brady House","WSN",103,297,315,64,45,10,0,9,36,41,13,0,89,0,5,0,10,4,1,0.215488215,"Brady House",29993,691781
"Trey Cabbage","HOU",35,79,84,17,8,8,0,1,10,8,4,0,29,1,0,0,1,0,1,0.215189873,"Trey Cabbage",21078,663550
"Matt Thaiss","- - -",113,251,307,54,39,11,1,3,28,26,53,0,91,2,1,0,4,3,1,0.215139442,"Matt Thaiss",19318,642136
"Reese McGuire","- - -",102,265,292,57,43,5,0,9,23,36,19,0,62,2,4,2,7,3,0,0.215094339,"Reese McGuire",15674,624512
"Nick Allen","- - -",182,400,443,86,74,12,0,0,37,21,28,0,111,3,3,9,7,6,5,0.215,"Nick Allen",22277,669397
"Spencer Torkelson","DET",329,912,1031,196,112,41,1,42,120,114,95,0,312,18,4,0,23,1,1,0.21491228,"Spencer Torkelson",27465,679529
"Anthony Rendon","LAA",56,177,204,38,28,10,0,0,18,12,19,0,30,5,3,0,3,5,1,0.214689265,"Anthony Rendon",12861,543685
"Daulton Varsho","TOR",275,783,867,168,81,38,10,39,118,113,73,4,232,4,6,1,4,14,2,0.214559386,"Daulton Varsho",19918,662139
"Marcelo Mayer","BOS",107,289,319,62,41,16,0,5,32,24,23,0,73,3,3,0,7,3,2,0.214532871,"Marcelo Mayer",29668,691785
"Jared Triolo","PIT",246,648,734,139,100,25,1,13,70,69,69,0,179,8,4,3,13,19,2,0.214506172,"Jared Triolo",25807,669707
"Gary Sánchez","- - -",137,280,328,60,35,11,1,13,40,49,37,0,82,10,1,0,10,0,0,0.214285714,"Gary Sanchez",11442,596142
"Chris Taylor","- - -",103,210,237,45,28,12,0,5,33,27,18,0,76,8,1,0,2,6,2,0.214285714,"Chris Taylor",13757,621035
"Jordyn Adams","- - -",13,28,30,6,5,0,0,1,3,4,2,0,11,0,0,0,0,0,0,0.214285714,"Jordyn Adams",23788,677941
"Jorbit Vivas","- - -",94,210,245,45,32,9,0,4,21,22,21,0,38,7,3,1,2,0,1,0.214285714,"Jorbit Vivas",23917,678391
"Ke'Bryan Hayes","- - -",277,794,853,170,142,17,4,7,73,55,49,1,165,7,2,1,22,17,3,0.214105793,"Ke'Bryan Hayes",18577,663647
"Hunter Renfroe","KCR",131,332,364,71,46,15,0,10,30,35,29,0,76,2,1,0,10,0,0,0.213855421,"Hunter Renfroe",15464,592669
"Jo Adell","LAA",362,1016,1110,217,134,35,1,47,113,153,59,0,301,27,4,0,22,19,9,0.213582677,"Jo Adell",20220,666176
"Manuel Margot","- - -",89,164,177,35,26,7,1,1,17,16,8,0,31,3,1,1,5,2,0,0.213414634,"Manuel Margot",14712,622534
"Austin Wells","NYY",283,699,805,149,83,33,1,32,90,95,82,2,192,7,14,2,16,3,1,0.213161659,"Austin Wells",27562,669224
"Edouard Julien","- - -",223,578,661,123,88,22,1,12,71,50,79,0,192,2,1,1,10,10,4,0.212802768,"Edouard Julien",27534,666397
"Angel Martínez","CLE",217,564,602,120,72,29,2,17,47,57,23,0,143,6,3,6,11,12,2,0.212765957,"Angel Martinez",26540,682657
"Korey Lee","CHW",124,301,316,64,39,15,1,9,31,29,14,0,95,0,0,1,9,3,3,0.212624584,"Korey Lee",25543,686676
"Tyler O'Neill","- - -",198,494,561,105,63,19,1,22,70,58,54,1,167,10,3,0,12,6,0,0.212550607,"Tyler O'Neill",15711,641933
"Esteury Ruiz","- - -",58,80,93,17,11,4,1,1,18,3,6,0,27,4,0,2,1,16,3,0.2125,"Esteury Ruiz",21780,665923
"Sam Hilliard","COL",65,146,172,31,16,6,2,7,26,14,23,1,59,0,0,3,3,6,3,0.212328767,"Sam Hilliard",17954,656541
"Tyler Heineman","- - -",90,179,210,38,28,6,1,3,28,18,15,0,44,7,1,8,2,2,0,0.212290502,"Tyler Heineman",13897,623168
"Carlos Santana","- - -",259,680,779,144,98,28,0,18,75,77,86,1,144,8,5,0,12,9,0,0.211764705,"Carlos Santana",2396,467793
"Brett Wisely","- - -",103,241,266,51,37,10,1,3,24,27,18,0,56,1,3,3,3,2,2,0.211618257,"Brett Wisely",27735,689172
"David Dahl","PHI",19,52,54,11,6,2,0,3,5,7,2,0,19,0,0,0,0,0,0,0.211538461,"David Dahl",13744,621311
"Nick Yorke","PIT",51,123,135,26,19,4,0,3,11,12,9,0,29,2,1,0,3,3,0,0.211382113,"Nick Yorke",27504,694377
"Ha-Seong Kim","- - -",178,440,509,93,66,12,3,12,61,47,57,2,99,4,5,3,8,20,5,0.211363636,"Ha-Seong Kim",27506,673490
"Garrett Hampson","- - -",96,142,157,30,25,5,0,0,21,8,11,0,45,0,2,2,1,5,1,0.211267605,"Garrett Hampson",19262,641658
"Chas McCormick","HOU",105,218,245,46,36,6,0,4,30,19,16,0,72,3,4,4,4,7,4,0.211009174,"Chas McCormick",19599,676801
"Alika Williams","- - -",56,109,112,23,18,4,0,1,15,6,1,0,33,1,0,1,1,1,1,0.211009174,"Alika Williams",27604,675961
"Ryan Kreidler","- - -",71,147,157,31,23,1,2,5,21,22,10,0,49,0,0,0,4,6,6,0.210884353,"Ryan Kreidler",25867,668952
"Davis Schneider","TOR",181,408,472,86,48,19,0,19,59,53,57,0,136,4,2,1,6,6,1,0.210784313,"Davis Schneider",23565,676914
"Michael Conforto","- - -",324,836,949,176,97,45,3,31,106,99,98,2,242,9,6,0,27,2,0,0.210526315,"Michael Conforto",16376,624424
"Taylor Trammell","- - -",92,209,234,44,27,11,0,6,27,23,23,0,77,1,1,0,0,4,2,0.210526315,"Taylor Trammell",19960,666211
"Edwin Arroyo","CIN",28,76,83,16,14,2,0,0,6,3,3,0,19,3,0,1,0,0,1,0.210526315,"Edwin Arroyo",29957,695490
"Miguel Vargas","- - -",286,738,854,155,85,40,1,29,115,103,94,0,166,14,8,0,16,15,2,0.2100271,"Miguel Vargas",20178,678246
"Bryan De La Cruz","- - -",157,439,471,92,63,12,0,17,45,44,26,1,137,2,3,0,8,4,2,0.209567198,"Bryan De La Cruz",19600,650559
"Jonah Heim","- - -",272,718,776,150,107,25,0,18,64,92,48,0,150,6,3,1,21,3,0,0.208913649,"Jonah Heim",16930,641680
"Jorge Mateo","- - -",119,225,245,47,29,12,1,5,41,23,15,0,66,0,3,2,6,23,5,0.208888888,"Jorge Mateo",17273,622761
"Jared Walsh","TEX",16,48,55,10,8,1,0,1,7,7,7,0,20,0,0,0,2,0,0,0.208333333,"Jared Walsh",18607,665120
"Leo Jiménez","- - -",93,197,232,41,30,8,0,3,22,17,16,0,52,15,3,1,8,1,0,0.208121827,"Leo Jimenez",23782,677870
"Tristan Gray","- - -",97,231,252,48,35,9,0,4,21,32,16,0,77,0,4,1,2,2,0,0.207792207,"Tristan Gray",19877,656484
"Will Benson","CIN",251,592,662,123,65,27,5,26,76,79,60,2,232,3,6,0,5,16,7,0.20777027,"Will Benson",21853,666181
"Lane Thomas","- - -",224,568,637,118,70,27,2,19,69,74,56,0,177,7,6,0,9,25,13,0.207746478,"Lane Thomas",16939,657041
"Braden Shewmake","- - -",52,130,137,27,16,7,0,4,15,13,2,0,22,0,4,1,2,5,1,0.207692307,"Braden Shewmake",25817,669699
"Oswald Peraza","- - -",148,342,371,71,54,9,1,7,30,29,19,0,105,7,2,0,7,18,1,0.207602339,"Oswald Peraza",22823,672724
"Tyler Callihan","- - -",33,82,92,17,9,3,2,3,11,15,8,0,30,1,1,0,0,0,0,0.207317073,"Tyler Callihan",27497,682997
"Daniel Schneemann","CLE",266,676,748,140,84,34,2,20,74,75,66,1,212,2,3,1,8,16,6,0.207100591,"Daniel Schneemann",25180,682177
"Kevin Kiermaier","- - -",83,208,224,43,28,7,3,5,29,24,7,0,69,2,1,6,3,4,2,0.206730769,"Kevin Kiermaier",11038,595281
"Alex Jackson","- - -",90,189,205,39,21,14,0,4,27,15,10,0,68,5,0,1,3,1,0,0.206349206,"Alex Jackson",17276,656577
"Taylor Walls","TBR",226,504,591,104,76,18,5,5,79,55,72,0,138,2,9,4,5,33,8,0.206349206,"Taylor Walls",22458,670764
"Matt McLain","CIN",214,606,682,125,82,26,0,17,78,60,63,0,196,6,4,3,8,19,2,0.206270627,"Matt McLain",29695,680574
"Austin Nola","COL",13,34,35,7,6,1,0,0,2,1,1,0,5,0,0,0,2,0,0,0.205882352,"Austin Nola",15941,543592
"Tyler Nevin","OAK",63,136,151,28,22,4,0,2,12,8,13,0,38,1,1,0,4,1,0,0.205882352,"Tyler Nevin",17893,663527
"Christopher Morel","- - -",233,603,677,124,81,19,2,22,72,61,62,0,198,10,2,0,13,14,6,0.205638474,"Christopher Morel",21897,666624
"Triston Casas","BOS",87,244,282,50,31,7,0,12,24,37,35,6,81,3,0,0,5,0,1,0.204918032,"Triston Casas",22514,671213
"Oliver Dunn","- - -",55,127,140,26,19,4,2,1,16,11,9,0,48,1,1,2,1,4,0,0.204724409,"Oliver Dunn",26295,686554
"Brian Serven","- - -",22,44,50,9,6,3,0,0,4,2,3,0,13,2,0,1,0,0,0,0.204545454,"Brian Serven",19422,661531
"Ryan Vilade","- - -",51,88,99,18,13,2,0,3,9,15,7,0,21,1,1,2,2,1,0,0.204545454,"Ryan Vilade",22165,668723
"Weston Wilson","- - -",67,103,114,21,14,4,0,3,12,15,10,0,33,0,0,1,1,4,3,0.203883495,"Weston Wilson",19358,642215
"Brice Matthews","HOU",72,162,180,33,22,4,0,7,22,20,12,0,59,1,1,4,3,1,2,0.203703703,"Brice Matthews",33280,694728
"Leo Rivas","SEA",99,167,206,34,28,2,2,2,28,18,31,0,58,5,1,2,2,9,0,0.203592814,"Leo Rivas",21009,660844
"Colt Emerson","SEA",48,113,125,23,13,5,0,5,12,13,10,0,42,0,1,1,1,3,0,0.203539823,"Colt Emerson",33575,806068
"Ben Rortvedt","- - -",138,345,391,70,51,15,0,4,32,34,39,0,95,6,0,1,5,1,0,0.20289855,"Ben Rortvedt",20287,666163
"Darell Hernaiz","OAK",118,276,309,56,46,8,0,2,23,20,24,0,52,1,5,3,6,3,2,0.20289855,"Darell Hernaiz",26224,687231
"Joey Wiemer","- - -",42,69,77,14,12,1,0,1,10,7,7,0,27,1,0,0,1,1,0,0.20289855,"Joey Wiemer",27690,686894
"Dylan Carlson","- - -",139,286,319,58,41,9,1,7,25,32,27,0,83,4,2,0,5,5,3,0.202797202,"Dylan Carlson",20126,666185
"Jeimer Candelario","- - -",133,370,396,75,39,17,2,17,36,50,20,1,111,3,3,0,4,4,3,0.202702702,"Jeimer Candelario",13621,600869
"Alex Kirilloff","MIN",56,153,170,31,15,8,3,5,19,19,15,0,47,0,2,0,5,0,0,0.202614379,"Alex Kirilloff",20325,666135
"Blake Perkins","MIL",171,386,437,78,58,11,4,5,64,42,41,1,130,5,4,1,2,20,4,0.202072538,"Blake Perkins",19921,663368
"Nolan Gorman","STL",263,695,788,140,85,24,1,30,82,83,85,5,283,1,7,0,3,6,2,0.201438848,"Nolan Gorman",22263,669357
"Jorge Alfaro","WSN",11,30,30,6,5,1,0,0,2,2,0,0,11,0,0,0,0,0,0,0.2,"Jorge Alfaro",12180,595751
"Tim Anderson","- - -",83,215,223,43,39,4,0,0,14,10,5,0,66,3,0,0,6,2,4,0.2,"Tim Anderson",15172,641313
"Billy McKinney","- - -",16,40,44,8,6,2,0,0,7,3,3,0,11,1,0,0,1,0,0,0.2,"Billy McKinney",15654,641856
"Nick Solak","- - -",4,5,6,1,1,0,0,0,0,0,0,0,0,1,0,0,0,0,0,0.2,"Nick Solak",19294,669256
"Charles Leblanc","LAA",8,10,15,2,1,0,0,1,5,1,5,0,4,0,0,0,0,0,0,0.2,"Charles Leblanc",19813,641779
"Jared Oliva","SFG",5,5,5,1,1,0,0,0,1,0,0,0,1,0,0,0,0,1,0,0.2,"Jared Oliva",19968,666931
"Bryan Torres","STL",29,55,59,11,5,0,2,4,7,8,4,0,14,0,0,0,0,1,0,0.2,"Bryan Torres",21464,663494
"J.P. Martínez","ATL",6,10,10,2,1,1,0,0,2,0,0,0,4,0,0,0,0,1,0,0.2,"J.P. Martinez",24451,679881
"David Villar","SFG",14,20,23,4,2,1,0,1,2,4,2,0,6,0,1,0,0,0,0,0.2,"David Villar",24782,681584
"Levi Jordan","CIN",3,5,5,1,0,1,0,0,1,0,0,0,2,0,0,0,0,0,0,0.2,"Levi Jordan",25138,682119
"Adael Amador","COL",46,120,134,24,15,8,0,1,4,9,10,0,27,1,0,3,2,2,1,0.2,"Adael Amador",27962,691182
"Jhostynxon Garcia","- - -",11,25,27,5,4,1,0,0,1,2,1,0,8,1,0,0,1,0,0,0.2,"Jhostynxon Garcia",28142,691373
"Bob Seymour","TBR",24,60,65,12,9,1,1,1,7,5,4,0,21,1,0,0,0,1,0,0.2,"Bob Seymour",30028,676044
"Danny Jansen","- - -",195,487,556,97,57,21,1,18,57,53,54,0,120,11,2,2,10,1,0,0.199178644,"Danny Jansen",16535,643376
"Nathan Church","STL",92,236,256,47,31,8,1,7,30,23,13,0,58,5,2,0,4,4,1,0.199152542,"Nathan Church",31357,701675
"Nick Senzel","- - -",61,171,193,34,22,8,0,4,19,11,19,0,51,1,0,1,1,0,0,0.198830409,"Nick Senzel",19293,669222
"Dylan Moore","- - -",178,332,379,66,36,16,3,11,53,40,33,0,110,10,3,1,7,25,7,0.19879518,"Dylan Moore",18042,664238
"Alan Roden","- - -",56,131,145,26,18,6,1,1,13,10,7,0,38,4,3,0,0,1,1,0.198473282,"Alan Roden",31564,702176
"Grant McCray","SFG",50,121,130,24,15,2,3,4,16,9,6,0,53,0,1,2,3,7,0,0.198347107,"Grant McCray",25690,687529
"Sean Murphy","ATL",149,374,424,74,47,11,1,15,34,42,39,0,113,7,4,0,13,0,0,0.197860962,"Sean Murphy",19352,669221
"Graham Pauley","- - -",102,258,280,51,28,15,1,7,26,26,21,0,70,0,1,0,4,3,1,0.197674418,"Graham Pauley",31363,688363
"Nick Loftin","KCR",145,314,357,62,34,21,2,5,37,38,34,0,50,4,3,2,10,3,0,0.197452229,"Nick Loftin",27630,679845
"Bryan Ramos","CHW",33,71,77,14,8,4,0,2,10,11,5,0,19,0,0,0,2,0,2,0.197183098,"Bryan Ramos",25621,682868
"Miguel Sanó","LAA",25,66,74,13,9,2,0,2,8,6,5,0,33,2,1,0,1,0,0,0.196969696,"Miguel Sano",12164,593934
"Curt Casali","SFG",31,66,76,13,11,1,0,1,8,6,6,0,12,2,0,2,3,0,0,0.196969696,"Curt Casali",12510,592200
"Shay Whitcomb","HOU",37,66,70,13,9,3,0,1,5,8,4,0,21,0,0,0,1,0,0,0.196969696,"Shay Whitcomb",27789,694376
"Liover Peguero","PIT",23,61,64,12,8,2,0,2,4,6,2,0,17,1,0,0,1,2,0,0.196721311,"Liover Peguero",24273,678894
"Jason Heyward","- - -",111,280,319,55,28,14,2,11,35,47,27,2,60,4,6,0,4,5,1,0.196428571,"Jason Heyward",4940,518792
"Nick Ahmed","- - -",60,133,144,26,20,5,0,1,12,9,5,0,34,1,2,3,3,0,0,0.195488721,"Nick Ahmed",12147,605113
"Luke Maile","- - -",62,128,146,25,20,4,0,1,10,5,13,0,47,4,0,1,2,3,0,0.1953125,"Luke Maile",13355,571912
"Brett Harris","- - -",56,123,146,24,16,5,0,3,19,15,17,0,30,4,2,0,2,1,2,0.195121951,"Brett Harris",29788,695391
"Tim Tawa","ARI",91,195,224,38,19,9,0,10,22,24,21,0,59,1,2,5,5,7,2,0.194871794,"Tim Tawa",29571,694374
"Victor Scott II","STL",219,498,570,97,65,24,1,7,67,39,50,0,138,9,3,10,4,43,5,0.194779116,"Victor Scott II",31349,687363
"Brett Sullivan","- - -",51,113,125,22,12,5,1,4,12,11,8,0,27,1,3,0,2,0,0,0.194690265,"Brett Sullivan",18217,664954
"Michael Toglia","COL",191,488,553,95,53,15,3,24,61,57,60,4,209,2,2,0,8,12,0,0.194672131,"Michael Toglia",25845,669911
"Kyle Farmer","- - -",138,278,306,54,32,18,0,4,27,33,17,0,69,6,5,0,7,1,3,0.194244604,"Kyle Farmer",14813,571657
"Garrett Stubbs","PHI",66,139,158,27,21,4,1,1,18,10,12,0,41,5,2,0,0,4,0,0.194244604,"Garrett Stubbs",18067,596117
"Mickey Gasper","- - -",72,170,194,33,24,6,1,2,22,12,17,0,33,5,2,0,2,2,1,0.194117647,"Mickey Gasper",24759,681508
"MJ Melendez","- - -",205,500,561,97,46,28,3,20,55,50,52,1,162,7,1,0,2,4,4,0.194,"MJ Melendez",22197,669004
"Dylan Crews","WSN",156,428,472,83,54,13,2,14,56,42,34,0,107,9,1,0,8,20,8,0.193925233,"Dylan Crews",33541,686611
"Jake Rogers","DET",157,393,433,76,42,17,4,13,48,50,30,0,125,4,4,2,5,2,0,0.193384223,"Jake Rogers",19452,668670
"Mason McCoy","SDP",27,57,66,11,8,3,0,0,10,4,5,0,22,1,0,3,1,2,0,0.192982456,"Mason McCoy",22232,669200
"Billy Cook","PIT",37,57,57,11,8,1,0,2,8,4,0,0,23,0,0,0,0,4,1,0.192982456,"Billy Cook",29573,695257
"Matthew Lugo","LAA",23,52,53,10,5,1,1,3,7,5,0,0,20,1,0,0,2,0,0,0.192307692,"Matthew Lugo",25980,683090
"Bo Naylor","CLE",256,636,718,122,66,28,3,25,71,76,69,1,203,3,7,3,7,7,5,0.191823899,"Bo Naylor",21865,666310
"DJ Stewart","NYM",71,146,179,28,19,4,0,5,14,19,29,0,42,3,1,0,4,0,0,0.191780821,"DJ Stewart",17766,621466
"Alan Trejo","COL",34,73,80,14,12,2,0,0,7,2,3,0,16,1,1,2,2,0,0,0.191780821,"Alan Trejo",20056,676701
"Trey Sweeney","DET",133,334,366,64,44,10,1,9,38,42,28,0,99,1,3,0,4,5,1,0.191616766,"Trey Sweeney",29575,700242
"Daniel Vogelbach","TOR",31,68,77,13,7,5,0,1,4,8,9,0,16,0,0,0,3,0,0,0.19117647,"Daniel Vogelbach",14130,596129
"Christian Bethancourt","- - -",40,89,96,17,11,3,0,3,11,14,4,0,23,1,0,2,1,1,0,0.191011235,"Christian Bethancourt",10028,542194
"Dairon Blanco","KCR",63,58,66,11,10,0,0,1,23,6,3,0,18,1,0,3,1,24,5,0.189655172,"Dairon Blanco",19779,680118
"Pablo Reyes","- - -",30,53,58,10,9,1,0,0,9,3,3,0,16,1,0,1,1,2,2,0.188679245,"Pablo Reyes",16357,622569
"Blaine Crim","- - -",17,53,59,10,4,2,0,4,8,7,5,0,25,1,0,0,0,0,0,0.188679245,"Blaine Crim",25714,688760
"Cavan Biggio","- - -",102,223,266,42,29,7,0,6,30,21,30,0,80,9,0,2,0,3,0,0.188340807,"Cavan Biggio",19252,624415
"Victor Mesa Jr.","- - -",43,101,118,19,10,3,0,6,16,15,16,0,26,0,1,0,1,3,2,0.188118811,"Victor Mesa Jr.",25999,683748
"Justyn-Henry Malloy","DET",85,202,226,38,26,6,0,6,19,18,20,0,81,1,3,0,2,1,1,0.188118811,"Justyn-Henry Malloy",29606,669234
"Tyler Locklear","- - -",40,101,115,19,16,1,0,2,11,5,11,0,40,3,0,0,5,4,1,0.188118811,"Tyler Locklear",31396,682988
"John Rave","KCR",62,149,169,28,16,7,0,5,17,14,18,0,48,0,1,1,1,4,2,0.187919463,"John Rave",26284,670231
"Michael A. Taylor","- - -",163,341,381,64,45,13,0,6,39,26,33,0,127,1,2,4,8,16,2,0.187683284,"Michael A. Taylor",11489,572191
"Jose Siri","- - -",151,373,416,70,41,14,1,14,51,41,28,0,150,8,2,4,8,15,7,0.18766756,"Jose Siri",17452,642350
"Sean Keys","TOR",10,32,32,6,4,1,0,1,5,5,0,0,12,0,0,0,0,0,0,0.1875,"Sean Keys",35094,815873
"Ryan Bliss","SEA",33,59,68,11,8,2,0,1,7,7,5,0,17,1,1,2,2,3,2,0.186440677,"Ryan Bliss",29547,669208
"Cristian Pache","- - -",38,49,53,9,9,0,0,0,4,6,3,0,22,0,1,0,2,0,0,0.183673469,"Cristian Pache",19948,665506
"Jose Herrera","ARI",87,180,221,33,24,5,1,3,20,21,24,0,46,1,2,14,1,0,0,0.183333333,"Jose Herrera",17040,645444
"Jace Jung","DET",54,120,143,22,17,5,0,0,19,5,22,0,43,1,0,0,4,0,1,0.183333333,"Jace Jung",31437,690291
"Hayden Senger","NYM",32,71,76,13,11,1,0,1,8,3,3,0,18,0,0,2,3,0,0,0.183098591,"Hayden Senger",21489,663584
"Garrett Cooper","- - -",27,66,73,12,9,2,0,1,2,7,5,0,22,2,0,0,2,0,0,0.181818181,"Garrett Cooper",15279,643265
"Brian Navarreto","MIA",8,11,15,2,1,1,0,0,2,2,1,0,3,0,1,2,0,0,0,0.181818181,"Brian Navarreto",16398,640459
"Jason Delay","PIT",5,11,13,2,0,2,0,0,1,3,2,0,0,0,0,0,0,0,0,0.181818181,"Jason Delay",19806,641511
"Jhonkensy Noel","CLE",88,187,202,34,20,5,1,8,21,21,11,0,66,4,0,0,3,0,0,0.181818181,"Jhonkensy Noel",24257,678877
"Willie MacIver","ATH",25,66,71,12,9,2,0,1,4,4,4,0,19,1,0,0,1,3,0,0.181818181,"Willie MacIver",24641,680862
"Andrew Knizner","- - -",54,116,129,21,18,1,1,1,12,11,8,0,22,3,1,1,0,0,0,0.181034482,"Andrew Knizner",19514,668800
"Corey Julks","CHW",44,94,103,17,9,6,0,2,13,8,8,0,23,0,1,0,5,1,1,0.180851063,"Corey Julks",20311,667452
"Christian Moore","LAA",52,133,154,24,17,2,1,4,14,10,18,0,53,1,1,1,3,2,1,0.180451127,"Christian Moore",34979,695681
"Nelson Velázquez","- - -",68,161,177,29,17,5,0,7,24,22,12,0,47,2,2,0,5,1,0,0.180124223,"Nelson Velazquez",23359,676369
"Luke Williams","ATL",41,50,58,9,5,4,0,0,8,7,5,0,14,1,1,1,1,6,0,0.18,"Luke Williams",19931,663897
"Bryce Teodosio","LAA",60,134,145,24,17,5,2,0,15,4,6,0,45,3,1,1,1,9,0,0.179104477,"Bryce Teodosio",29524,669326
"Joey Gallo","WSN",72,162,196,29,13,8,0,8,19,21,30,0,74,3,1,0,1,2,1,0.179012345,"Joey Gallo",14128,608336
"Logan Driscoll","TBR",12,28,30,5,4,0,0,1,1,5,1,0,4,0,1,0,0,0,0,0.178571428,"Logan Driscoll",25475,686482
"Braxton Fulford","COL",45,84,96,15,11,2,0,2,15,12,7,0,31,2,3,0,0,3,0,0.178571428,"Braxton Fulford",29704,690924
"Robbie Grossman","- - -",53,101,119,18,15,3,0,0,9,5,16,0,28,1,1,0,4,1,0,0.178217821,"Robbie Grossman",5254,543257
"Rafael Marchán","PHI",74,163,177,29,19,6,0,4,12,20,10,0,27,3,1,0,1,0,0,0.17791411,"Rafael Marchan",21646,665561
"Ali Sánchez","- - -",45,90,101,16,13,3,0,0,8,4,3,0,27,2,2,4,3,2,1,0.177777777,"Ali Sanchez",18551,645305
"Jahmai Jones","- - -",58,62,68,11,8,2,1,0,9,8,3,0,19,2,0,1,0,2,1,0.177419354,"Jahmai Jones",18872,663330
"Tommy Troy","ARI",37,96,106,17,12,2,0,3,14,5,10,0,25,0,0,0,0,0,0,0.177083333,"Tommy Troy",33279,694371
"Andrés Chaparro","WSN",53,113,121,20,10,6,0,4,11,14,3,0,24,4,1,0,2,1,1,0.17699115,"Andres Chaparro",21797,665953
"Ehire Adrianza","LAA",7,17,19,3,2,0,0,1,4,1,2,0,8,0,0,0,0,0,0,0.176470588,"Ehire Adrianza",8418,501303
"Keston Hiura","- - -",13,34,37,6,5,1,0,0,3,1,0,0,12,3,0,0,0,0,1,0.176470588,"Keston Hiura",20003,669374
"Bobby Dalbec","- - -",30,57,66,10,6,3,0,1,6,5,7,0,25,1,0,1,1,3,0,0.175438596,"Bobby Dalbec",19966,666915
"Austin Hedges","CLE",116,218,246,38,25,7,0,6,22,18,18,0,65,3,2,5,4,4,1,0.174311926,"Austin Hedges",12976,595978
"Eddie Rosario","- - -",94,276,293,48,26,12,0,10,32,33,13,0,73,0,3,1,3,8,1,0.173913043,"Eddie Rosario",12155,592696
"Sam Haggerty","- - -",54,92,104,16,12,1,1,2,17,8,10,0,23,1,0,1,1,9,2,0.173913043,"Sam Haggerty",18054,664059
"Yan Gomes","CHC",28,75,79,13,9,2,0,2,6,6,1,0,28,1,1,1,2,0,0,0.173333333,"Yan Gomes",9627,543228
"Marco Luciano","SFG",21,52,56,9,6,2,1,0,5,2,4,0,21,0,0,0,1,0,0,0.173076923,"Marco Luciano",25616,682617
"Kyren Paris","LAA",54,133,151,23,13,4,1,5,20,13,15,0,62,1,0,0,2,7,1,0.17293233,"Kyren Paris",26420,677347
"Michael Stefanic","- - -",45,87,102,15,13,2,0,0,4,7,11,0,15,3,0,1,2,0,0,0.172413793,"Michael Stefanic",25353,683021
"LuJames Groover","ARI",13,29,33,5,4,1,0,0,1,1,4,0,6,0,0,0,2,0,0,0.172413793,"LuJames Groover",33552,694410
"Omar Narváez","- - -",26,64,69,11,9,2,0,0,3,8,4,0,10,0,1,0,2,0,0,0.171875,"Omar Narvaez",13338,553882
"Andy Ibáñez","- - -",94,140,150,24,19,4,0,1,11,12,7,0,36,3,0,0,3,2,2,0.171428571,"Andy Ibanez",18819,628451
"Colby Thomas","ATH",44,76,80,13,11,2,0,0,6,4,1,0,31,1,1,1,5,0,0,0.171052631,"Colby Thomas",31855,687515
"Kevin Pillar","- - -",84,176,197,30,20,5,0,5,27,21,11,0,48,7,2,1,8,9,2,0.170454545,"Kevin Pillar",12434,607680
"Coby Mayo","BAL",142,359,396,61,39,12,0,10,38,35,31,0,135,5,1,0,5,4,0,0.169916434,"Coby Mayo",28312,691723
"Gage Workman","- - -",23,53,54,9,3,4,0,2,3,7,1,0,23,0,0,0,0,1,0,0.16981132,"Gage Workman",27573,669398
"Jacob Hurtubise","CIN",37,59,73,10,8,1,1,0,9,4,7,0,21,4,1,2,0,2,0,0.169491525,"Jacob Hurtubise",27599,674441
"J.C. Escarra","NYY",62,136,154,23,13,7,1,2,10,13,15,0,26,1,2,0,1,0,0,0.169117647,"J.C. Escarra",20084,641555
"Ji Hwan Bae","PIT",36,83,95,14,12,2,0,0,15,6,11,0,26,0,1,0,0,9,3,0.168674698,"Ji Hwan Bae",23818,678225
"Carson Williams","TBR",36,83,88,14,8,4,0,2,13,11,3,0,35,0,0,2,3,1,1,0.168674698,"Carson Williams",30038,700246
"Niko Kavadas","LAA",38,101,115,17,12,2,0,3,8,7,12,0,45,2,0,0,0,1,0,0.168316831,"Niko Kavadas",29782,694359
"Brandon Drury","LAA",92,251,280,42,33,5,0,4,23,11,23,0,60,5,1,0,9,0,0,0.167330677,"Brandon Drury",11615,592273
"Avisaíl García","MIA",10,12,12,2,2,0,0,0,0,0,0,0,2,0,0,0,1,0,0,0.166666666,"Avisail Garcia",5760,541645
"Andrew Knapp","SFG",2,6,6,1,1,0,0,0,0,0,0,0,2,0,0,0,0,0,0,0.166666666,"Andrew Knapp",14942,595284
"CJ Alexander","- - -",10,24,24,4,4,0,0,0,0,0,0,0,10,0,0,0,0,0,0,0.166666666,"CJ Alexander",20557,680769
"José Barrero","STL",12,18,19,3,1,1,0,1,4,3,0,0,6,1,0,0,0,0,0,0.166666666,"Jose Barrero",23378,676480
"Jase Bowen","SDP",15,24,25,4,4,0,0,0,5,2,0,0,11,1,0,0,0,3,0,0.166666666,"Jase Bowen",26047,687749
"Davis Wendzel","- - -",10,12,13,2,2,0,0,0,0,0,0,0,5,1,0,0,0,0,0,0.166666666,"Davis Wendzel",26469,673995
"Justin Foscue","TEX",39,78,83,13,9,2,0,2,9,5,3,0,26,1,1,0,2,0,0,0.166666666,"Justin Foscue",27501,679822
"Jack Suwinski","PIT",138,355,410,59,34,14,0,11,39,34,49,3,116,5,1,0,4,16,2,0.166197183,"Jack Suwinski",22244,669261
"Danny Mendick","CHW",32,85,88,14,9,4,0,1,9,3,1,0,25,2,0,0,3,2,0,0.164705882,"Danny Mendick",18889,664901
"Rodolfo Durán","SDP",27,67,72,11,5,3,0,3,7,7,4,0,19,0,0,1,2,0,0,0.164179104,"Rodolfo Duran",20958,660710
"Gabriel Rincones Jr.","PHI",23,67,71,11,6,3,0,2,6,6,2,0,21,1,1,0,2,0,0,0.164179104,"Gabriel Rincones Jr.",31958,687282
"Brandon Crawford","STL",26,61,69,10,5,4,0,1,5,3,8,0,23,0,0,0,0,0,0,0.163934426,"Brandon Crawford",5343,543063
"Daz Cameron","- - -",52,104,110,17,14,2,0,1,13,5,4,0,28,1,1,0,2,4,0,0.163461538,"Daz Cameron",18353,663662
"Stuart Fairchild","- - -",77,123,134,20,10,7,0,3,14,9,5,0,40,4,1,1,0,5,0,0.162601626,"Stuart Fairchild",20321,656413
"Sean Bouchard","COL",40,80,95,13,5,7,1,0,10,7,11,0,32,2,1,1,1,2,0,0.1625,"Sean Bouchard",21270,656248
"Henry Davis","PIT",164,400,463,65,42,12,0,11,43,40,40,0,129,10,5,5,6,3,2,0.1625,"Henry Davis",29617,680779
"Matt Mervis","- - -",49,136,150,22,12,4,0,6,15,16,10,1,54,2,1,0,1,0,0,0.161764705,"Matt Mervis",27845,670223
"Steward Berroa","- - -",23,31,38,5,4,1,0,0,3,1,7,0,11,0,0,0,0,4,2,0.161290322,"Steward Berroa",22766,672642
"Jacob Melton","HOU",27,56,63,9,8,0,1,0,6,6,5,0,24,1,0,0,0,5,2,0.160714285,"Jacob Melton",31661,689200
"Martín Maldonado","- - -",97,195,211,31,19,6,0,6,14,19,9,0,76,1,0,6,5,0,0,0.158974358,"Martin Maldonado",6887,455117
"César Salazar","HOU",23,38,50,6,4,2,0,0,4,7,7,0,5,2,2,1,1,0,0,0.157894736,"Cesar Salazar",21587,663967
"Mitch Garver","SEA",201,421,486,66,38,14,0,14,41,43,55,0,171,8,2,0,8,1,0,0.156769596,"Mitch Garver",15161,641598
"Daniel Johnson","- - -",30,58,64,9,6,2,0,1,13,1,6,0,15,0,0,0,1,2,1,0.155172413,"Daniel Johnson",19643,669288
"Jorge Barrosa","ARI",68,117,128,18,8,8,1,1,17,7,5,0,40,0,1,5,1,0,0,0.153846153,"Jorge Barrosa",23968,678489
"Zac Veen","COL",10,26,27,4,2,1,0,1,1,2,0,0,12,1,0,0,0,1,1,0.153846153,"Zac Veen",27770,691728
"Estevan Florial","CLE",34,85,97,13,5,3,2,3,11,8,10,0,36,1,0,1,1,2,1,0.152941176,"Estevan Florial",19151,664314
"Nick Maton","- - -",26,59,67,9,5,2,0,2,5,4,8,0,21,0,0,0,0,0,1,0.152542372,"Nick Maton",21635,665155
"Everson Pereira","- - -",35,79,89,12,7,3,0,2,8,7,6,0,26,2,2,0,4,1,0,0.151898734,"Everson Pereira",23695,677592
"Tom Murphy","SFG",10,20,22,3,1,1,0,1,3,2,2,0,6,0,0,0,0,0,0,0.15,"Tom Murphy",13499,608596
"Will Wilson","- - -",21,40,46,6,6,0,0,0,1,1,4,0,17,0,0,2,1,1,0,0.15,"Will Wilson",25434,669717
"Patrick Wisdom","- - -",50,88,95,13,3,4,1,5,8,9,6,0,29,0,0,1,1,1,0,0.147727272,"Patrick Wisdom",13602,621550
"Jimmy Crooks","STL",38,96,105,14,10,1,1,2,4,8,6,0,36,3,0,0,2,0,0,0.145833333,"Jimmy Crooks",31354,699625
"Tim Elko","CHW",18,48,52,7,3,1,0,3,5,7,4,0,17,0,0,0,1,0,0,0.145833333,"Tim Elko",31522,671284
"Adam Duvall","ATL",86,196,207,28,19,6,0,3,12,11,8,0,71,3,0,0,4,0,0,0.142857142,"Adam Duvall",10950,594807
"Mike Ford","CIN",16,42,44,6,4,0,1,1,2,2,2,0,9,0,0,0,0,0,0,0.142857142,"Mike Ford",15585,645801
"Jakson Reetz","SFG",4,7,8,1,0,1,0,0,0,0,1,0,2,0,0,0,1,0,0,0.142857142,"Jakson Reetz",17837,656883
"Chuckie Robinson","- - -",29,63,69,9,9,0,0,0,3,1,4,0,16,0,0,2,1,0,0,0.142857142,"Chuckie Robinson",19824,642020
"Buddy Kennedy","- - -",17,28,31,4,2,1,0,1,5,5,1,0,10,1,1,0,0,1,0,0.142857142,"Buddy Kennedy",22505,671083
"Drew Avans","- - -",7,14,15,2,2,0,0,0,1,1,0,0,5,0,1,0,0,1,0,0.142857142,"Drew Avans",25183,682183
"Drew Romo","- - -",46,120,130,17,7,6,0,4,11,15,8,0,38,1,1,0,6,1,0,0.141666666,"Drew Romo",27763,691011
"James Outman","- - -",147,326,362,46,22,11,2,11,37,26,30,0,144,6,0,0,0,7,3,0.141104294,"James Outman",24770,681546
"Trenton Brooks","- - -",36,64,70,9,6,2,0,1,5,3,6,0,17,0,0,0,3,1,0,0.140625,"Trenton Brooks",19384,670092
"Sam Huff","- - -",28,57,62,8,5,2,0,1,3,2,4,0,29,0,1,0,1,0,0,0.140350877,"Sam Huff",22209,669087
"Jacob Amaya","- - -",44,87,93,12,11,1,0,0,5,8,3,0,25,0,2,1,2,2,0,0.137931034,"Jacob Amaya",23296,676070
"Luis Vázquez","- - -",19,29,33,4,3,1,0,0,5,1,3,0,9,1,0,0,0,2,0,0.137931034,"Luis Vazquez",23442,676679
"Cooper Hummel","- - -",28,51,62,7,7,0,0,0,5,1,9,0,20,1,0,1,2,2,0,0.137254901,"Cooper Hummel",19458,669450
"Zack Short","- - -",65,114,134,15,9,5,0,1,15,6,14,0,38,3,0,3,0,2,2,0.131578947,"Zack Short",19562,670097
"DaShawn Keirsey Jr.","MIN",45,76,79,10,7,0,0,3,8,6,1,0,22,2,0,0,1,10,3,0.131578947,"DaShawn Keirsey Jr.",24496,680577
"Chad Stevens","- - -",12,23,27,3,3,0,0,0,1,3,2,0,10,0,1,1,0,0,1,0.130434782,"Chad Stevens",29614,677060
"Ryan Noda","- - -",53,124,147,16,11,4,0,1,9,5,21,2,54,1,0,1,0,1,0,0.129032258,"Ryan Noda",23312,676116
"José Abreu","HOU",32,79,83,10,8,0,0,2,6,6,2,0,23,1,1,0,3,0,0,0.126582278,"Jose Abreu",15676,547989
"Edwin Rios","CIN",3,8,9,1,1,0,0,0,1,0,1,0,3,0,0,0,0,0,0,0.125,"Edwin Rios",18316,621458
"Seby Zavala","SEA",11,24,26,3,2,1,0,0,2,1,2,0,10,0,0,0,1,0,0,0.125,"Seby Zavala",18887,664874
"Logan Porter","- - -",6,8,10,1,1,0,0,0,3,1,1,0,3,1,0,0,0,0,0,0.125,"Logan Porter",20626,682515
"Rhylan Thomas","SEA",3,8,9,1,0,1,0,0,2,1,1,0,0,0,0,0,0,0,0,0.125,"Rhylan Thomas",31793,689041
"Charles McAdoo","TOR",5,16,16,2,2,0,0,0,0,0,0,0,2,0,0,0,1,0,0,0.125,"Charles McAdoo",33323,807727
"Aaron Hicks","LAA",16,41,46,5,5,0,0,0,4,3,5,0,17,0,0,0,0,0,0,0.121951219,"Aaron Hicks",5297,543305
"Juan Brito","CLE",14,33,36,4,2,2,0,0,4,1,2,0,9,1,0,0,0,0,0,0.121212121,"Juan Brito",26693,682877
"Akil Baddoo","DET",34,83,93,10,5,2,1,2,6,5,9,0,30,0,1,0,0,2,0,0.120481927,"Akil Baddoo",22168,668731
"Eguy Rosario","SDP",15,17,21,2,2,0,0,0,1,1,2,0,4,1,0,1,1,0,0,0.117647058,"Eguy Rosario",19964,666703
"Felix Reyes","PHI",7,17,17,2,1,1,0,0,0,0,0,0,4,0,0,0,1,0,0,0.117647058,"Felix Reyes",28763,694025
"Cooper Ingle","CLE",7,17,20,2,2,0,0,0,0,2,3,0,10,0,0,0,0,0,0,0.117647058,"Cooper Ingle",33708,694876
"Will Robertson","- - -",25,61,65,7,6,1,0,0,2,7,2,0,24,2,0,0,1,0,0,0.114754098,"Will Robertson",25467,683770
"Rob Brantly","TBR",3,9,9,1,1,0,0,0,0,0,0,0,2,0,0,0,0,0,0,0.111111111,"Rob Brantly",10655,542963
"Vimael Machín","BAL",4,9,10,1,0,0,0,1,1,1,1,0,1,0,0,0,0,0,0,0.111111111,"Vimael Machin",17684,605353
"Will Banfield","CIN",4,9,9,1,1,0,0,0,0,0,0,0,6,0,0,0,0,0,0,0.111111111,"Will Banfield",23790,677943
"Tristin English","ARI",6,18,19,2,1,1,0,0,0,1,1,0,6,0,0,0,0,0,0,0.111111111,"Tristin English",26148,663536
"Travis Blankenhorn","WSN",13,29,30,3,2,1,0,0,2,4,1,0,8,0,0,0,0,0,0,0.103448275,"Travis Blankenhorn",18395,663905
"Collin Price","HOU",5,10,11,1,0,1,0,0,0,0,1,0,5,0,0,0,0,0,0,0.1,"Collin Price",31415,805672
"Sandy León","ATL",16,32,32,3,2,0,0,1,1,2,0,0,13,0,0,0,0,0,0,0.09375,"Sandy Leon",5273,506702
"Johnathan Rodríguez","CLE",21,33,37,3,2,1,0,0,5,4,4,0,15,0,0,0,1,0,0,0.09090909,"Johnathan Rodriguez",22530,671286
"Cam Devanney","PIT",9,22,23,2,1,1,0,0,0,1,1,0,11,0,0,0,1,0,0,0.09090909,"Cam Devanney",25688,687478
"Pedro León","HOU",6,11,11,1,1,0,0,0,0,0,0,0,5,0,0,0,1,0,0,0.09090909,"Pedro Leon",27781,694175
"Niko Goodrum","- - -",11,23,25,2,2,0,0,0,0,0,1,0,9,0,0,1,0,1,0,0.086956521,"Niko Goodrum",12092,592348
"Greg Jones","- - -",14,23,25,2,1,0,0,1,1,2,1,0,13,0,0,1,0,2,0,0.086956521,"Greg Jones",25448,675659
"Logan Davidson","- - -",14,35,39,3,1,1,0,1,1,2,2,0,21,0,0,2,1,0,0,0.085714285,"Logan Davidson",25844,669722
"Jamie Westbrook","BOS",9,12,14,1,1,0,0,0,0,1,1,0,6,0,1,0,0,0,0,0.083333333,"Jamie Westbrook",15504,642197
"Aledmys Díaz","- - -",10,24,25,2,2,0,0,0,1,1,1,0,6,0,0,0,0,0,0,0.083333333,"Aledmys Diaz",15937,649557
"Vinny Capra","- - -",30,49,54,4,2,2,0,0,7,2,3,0,14,0,1,1,2,0,0,0.081632653,"Vinny Capra",25040,681962
"Maverick Handley","BAL",16,38,41,3,3,0,0,0,2,2,1,0,16,0,0,2,0,0,0,0.078947368,"Maverick Handley",26106,668974
"Connor Kaiser","ARI",7,13,14,1,1,0,0,0,1,1,1,0,3,0,0,0,1,0,0,0.076923076,"Connor Kaiser",21535,663731
"Tirso Ornelas","SDP",7,14,16,1,1,0,0,0,0,1,2,0,2,0,0,0,1,0,0,0.071428571,"Tirso Ornelas",22566,672359
"Luken Baker","- - -",21,31,36,2,1,1,0,0,3,3,4,0,11,0,1,0,1,1,0,0.064516129,"Luken Baker",21497,663609
"Luis De Los Santos","TOR",9,16,17,1,0,1,0,0,2,1,1,0,4,0,0,0,2,0,0,0.0625,"Luis De Los Santos",21682,665782
"Scott Kingery","- - -",11,17,19,1,0,1,0,0,2,0,2,0,7,0,0,0,1,1,1,0.058823529,"Scott Kingery",17975,664068
"Jace Peterson","ARI",12,20,24,1,1,0,0,0,2,1,3,0,5,0,1,0,1,0,0,0.05,"Jace Peterson",12325,607054
"César Prieto","STL",9,20,20,1,1,0,0,0,0,0,0,0,7,0,0,0,1,0,0,0.05,"Cesar Prieto",30163,693409
"Aramis Garcia","- - -",10,24,24,1,1,0,0,0,0,0,0,0,10,0,0,0,1,0,0,0.041666666,"Aramis Garcia",16925,605244
"Rafael Ortega","CHW",9,9,12,0,0,0,0,0,3,1,2,0,2,0,1,0,1,1,0,0,"Rafael Ortega",10323,542364
"Tony Kemp","BAL",5,9,10,0,0,0,0,0,1,0,1,0,1,0,0,0,0,0,0,0,"Tony Kemp",14894,643393
"Greg Allen","BAL",7,14,14,0,0,0,0,0,1,0,0,0,5,0,0,0,2,0,1,0,"Greg Allen",16623,656185
"Eddy Alvarez","NYM",7,8,9,0,0,0,0,0,2,0,0,0,2,1,0,0,0,0,0,0,"Eddy Alvarez",16959,657193
"Grant Koch","PIT",3,6,6,0,0,0,0,0,0,0,0,0,5,0,0,0,0,0,0,0,"Grant Koch",22045,667428
"Grae Kessinger","HOU",11,16,19,0,0,0,0,0,2,0,2,0,4,1,0,0,1,0,0,0,"Grae Kessinger",25813,666197
"Kyler Fedko","MIN",8,7,8,0,0,0,0,0,1,1,0,0,2,0,1,0,0,0,1,0,"Kyler Fedko",29930,693459
"Nick Morabito","NYM",3,5,5,0,0,0,0,0,0,0,0,0,5,0,0,0,0,0,1,0,"Nick Morabito",32119,703492
"Carson McCusker","MIN",3,5,5,0,0,0,0,0,0,0,0,0,4,0,0,0,0,0,0,0,"Carson McCusker",33098,676812
"Lucas Spence","HOU",3,6,7,0,0,0,0,0,1,0,1,0,3,0,0,0,0,0,0,0,"Lucas Spence",35126,828599
