Team,TG,W,L,SV,G,GS,IP,K/9,BB/9,HR/9,BABIP,LOB%,GB%,HR/FB,vFA (pi),ERA,xERA,FIP,xFIP,WAR
"SDP",0,23,18,29,335,0,421,8.893113149845654,3.463183486237971,0.9619954128438808,0.2920353982300885,0.74493927,0.463203463,0.104651162,95.47594645765962,3.6769602446477223,3.3760317919482676,3.810457656538781,3.991735157907106,4.944306802935898
"ATL",0,23,11,28,313,0,367.2,8.76337368090355,2.986401086788361,0.8812331075768934,0.2647362978283351,0.76348105,0.38680203,0.08866995,94.93122662769593,3.13327327138451,3.53056451714522,3.510941904970431,3.9363464532996586,4.742958267219365
"LAD",0,23,15,26,318,0,330,9.572728655949312,3.981818757175497,0.9545455924735781,0.2713270142180095,0.73994638,0.428074245,0.104166666,94.36999517227338,3.709091445040189,3.690737284341622,3.7881226464298825,3.9752459002266702,4.401716373860836
"MIL",0,29,16,31,304,0,386.2,9.10086334092598,3.770690182173935,0.8844828822383305,0.281496062992126,0.73789045,0.44123314,0.096938775,95.42306682086127,3.537931528953322,3.5602246277436356,3.682140392206807,3.9637157133757923,4.344052634201944
"PHI",0,20,14,29,332,0,354.1,9.956727622110266,3.378175443215983,1.0921920605886262,0.31584470094438616,0.7129923,0.425661914,0.116216216,95.08017310190162,4.343368426991979,3.5029294886481215,3.8029719841851644,3.831309459434621,4.05730733089149
"BOS",0,13,18,25,302,0,361,8.501386277475948,3.041551688715735,0.9722993103271612,0.26871794871794874,0.77871002,0.428137651,0.106267029,94.35144445682553,3.0914131918094356,3.849815939983003,3.737362965352559,3.896440732120219,3.7924089524894953
"TOR",0,27,22,30,364,0,415.2,8.855655207529626,3.550922870500877,0.9959905612380509,0.28482142857142856,0.70831592,0.478184991,0.120104438,93.3413957891444,3.810746495171673,3.745959796010834,3.855656890142588,3.8340872950603213,3.64849060238339
"NYY",0,24,12,23,328,0,351,8.435899200777012,3.358975061707564,0.8461540231782413,0.26778242677824265,0.75165058,0.475308641,0.093220338,94.10432245290609,3.1282057826589527,3.449525389284599,3.7384205308452607,4.067291642840601,3.3357734521850944
"MIA",0,22,16,23,322,0,367,9.367848849201911,3.9972758178531715,0.7847412648546104,0.26504751847940866,0.70500928,0.422084623,0.082051282,95.43778986986807,3.7765673371128123,3.79042372012001,3.729671648674075,4.230488834041925,3.307884221896529
"CLE",0,19,18,32,337,0,333,10.135137283050717,3.729730520162664,1.0540542774372745,0.2964244521337947,0.74611918,0.376116071,0.101827676,94.36637718942215,3.729730520162664,3.9283681401670236,3.793937599861856,4.040286721049462,3.261002224404365
"CHW",0,25,21,27,328,0,443,8.796840903245862,4.225734198325957,1.036117519781845,0.2765598650927487,0.73052553,0.407224958,0.103869653,94.16429855137655,3.8803616917320083,4.141812612362112,4.192794695047242,4.400769142560468,3.180742640979588
"TEX",0,24,10,29,315,0,353.2,7.7869946343272325,3.1046187757775243,1.1196985748705826,0.2898832684824903,0.7132735,0.385849056,0.103773584,94.14665813853269,4.224317350648107,4.238024333618555,4.200149682449861,4.42660624419355,3.0856719594448805
"NYM",0,21,19,17,310,0,427,9.021078472730514,3.3723657841983226,1.1592507383181734,0.2842377260981912,0.71161826,0.405360134,0.120087336,93.24583757019766,4.004684368735508,3.884891977436492,3.992515539557746,3.967645209610416,3.0302799623459578
"BAL",0,20,14,25,328,0,360.1,8.26734652418124,3.271970980869313,1.0490288640955048,0.28094302554027506,0.66796685,0.407335907,0.102439024,93.80127470023967,4.1211848232323405,3.793008441366205,3.9522328101534745,4.186901252432239,2.944881217154034
"ARI",0,18,17,26,329,0,334.2,7.771913784156765,3.173307358237018,0.9412352333753867,0.2702991452991453,0.69866667,0.455974842,0.101156069,92.03801640896788,3.9531879801766245,3.976006173396573,3.9518375417330045,4.182306156661754,2.6032405477017164
"SEA",0,17,15,23,298,0,311,8.536978565277765,3.4437303365018783,0.7234727597693021,0.29988465974625145,0.73536896,0.448630136,0.081967213,96.37109243310638,3.559485978064967,4.012928794899834,3.6275750151648984,4.090836373106413,2.4887167760170996
"COL",0,20,22,23,300,0,422,7.827015438495802,3.66824701749667,1.1943129824407763,0.31414868105515587,0.70262598,0.413685847,0.114285714,95.29711093421744,4.883887017481031,4.682917542473555,4.45806387609687,4.518714879734555,2.3877858482301235
"DET",0,19,21,18,302,0,360,8.500001553694691,3.6500006671747793,1.025000187357301,0.2903225806451613,0.73339483,0.486699507,0.119186046,94.96774467813626,3.825000699162611,3.721485561456554,4.0419105979469405,4.030950185077041,1.5353085733950138
"PIT",0,21,19,19,319,0,383,9.42297789150726,4.4882513149074486,1.1279375032228143,0.2926829268292683,0.69151056,0.398297067,0.11622276,95.45281010492407,4.4412539189398315,4.387501698428959,4.366562483838294,4.395734008212898,1.5100772641599178
"TBR",0,23,13,37,311,0,387.1,8.318417575245395,3.253012459593171,1.4173840002513103,0.2632075471698113,0.71185617,0.391621129,0.135254988,93.36910073908938,4.228916197471122,4.4170368292799,4.515046003486272,4.258457498562776,1.1585862915962934
"LAA",0,14,23,12,318,0,377.1,9.492934348725743,4.507951235952677,1.2164312858919923,0.2919191919191919,0.70573669,0.407191448,0.125925925,93.36368799232844,4.555654423634716,4.12912633765026,4.465084962280276,4.358730983424314,0.7953355483477935
"HOU",0,16,19,28,318,0,403,8.933003517219914,4.243176670679459,1.3176180187899373,0.2725546058879392,0.73341837,0.365296803,0.121149897,94.15613263266016,4.243176670679459,4.0231612639744165,4.559301000301193,4.514588524452407,0.6240995558910072
"MIN",0,20,17,28,325,0,357,8.344539643007836,4.7142867469560885,1.0336136717925115,0.30426356589147285,0.68288854,0.397325692,0.096698113,94.12939400809152,5.042017911182983,4.403498071344633,4.520412137471813,4.853997993924295,0.40181842166930437
"STL",0,20,16,30,334,0,366,7.8688539352768325,4.081967978924856,0.959016573361864,0.2794258373205742,0.696634,0.452157598,0.101036269,95.23416259004469,4.254099158759037,4.653291592190943,4.3188232227432835,4.5555666693217765,0.3355047560762614
"ATH",0,18,16,24,339,0,396.2,9.030253895593663,3.9705890244444504,1.4294120488000022,0.3176895306859206,0.68070703,0.385542168,0.134328358,94.28582741679556,5.5134464739428655,4.456424680363981,4.708647440168327,4.462339331531235,-0.20201450609602034
"SFG",0,14,15,19,307,0,337,7.771514763388886,4.326410280649483,1.0415432157119127,0.28362877997914493,0.70373789,0.442190669,0.103723404,94.66462783757419,4.433235225850705,4.223535149880302,4.453359731704083,4.664839298625202,-0.3022053502500057
"CHC",0,22,15,20,324,0,373,8.131368789106663,3.522788852253925,1.4718501369006125,0.2774509803921569,0.77537594,0.412371134,0.148058252,94.47985763402802,4.077748739937762,4.7597826524343665,4.762442456565802,4.335189680272981,-0.898123424500227
"CIN",0,15,22,21,348,0,369,8.390245400698898,5.2926838719525025,1.3658539024393554,0.2666005946481665,0.72637227,0.398854961,0.129032258,94.21352083348954,4.658537417248516,4.909700722876517,5.143604557645896,4.979565527645911,-1.0498096236260608
"WSN",0,24,26,28,318,0,463,7.483802375904487,4.023758680031763,1.4190066842624092,0.29898403483309144,0.69680157,0.427864214,0.129203539,93.2458469688629,5.170627096079464,5.110741291482265,4.977133878826557,4.804219923174186,-2.5604242293629795
"KCR",0,15,25,23,327,0,357,7.6638666114501515,4.66386619446802,1.5126052522598983,0.3062015503875969,0.70340681,0.431354359,0.148514851,92.09260850925679,5.4201688205979695,5.000340183324157,5.321532583307309,4.877081979576248,-3.0467380844056606
