Name,Team,G,AB,PA,H,1B,2B,3B,HR,R,RBI,BB,IBB,SO,HBP,SF,SH,GDP,SB,CS,AVG,NameASCII,PlayerId,MLBAMID
"David Bote","CHC",9,18,19,9,6,3,0,0,3,5,1,0,2,0,0,0,0,0,0,0.5,"David Bote",14593,623520
"Darren Baker","WSN",4,10,10,5,3,2,0,0,1,0,0,0,2,0,0,0,0,0,0,0.5,"Darren Baker",29912,671117
"Brewer Hicklen","- - -",3,9,10,4,3,1,0,0,2,1,1,0,4,0,0,0,0,1,0,0.444444444,"Brewer Hicklen",20450,676551
"Joshua Kuroda-Grauer","ATH",6,23,23,10,7,3,0,0,0,0,0,0,3,0,0,0,2,0,1,0.434782608,"Joshua Kuroda-Grauer",35121,811965
"Livan Soto","BAL",3,7,8,3,2,1,0,0,1,0,1,0,2,0,0,0,0,0,0,0.428571428,"Livan Soto",22471,670869
"Brian Navarreto","MIA",6,11,13,4,2,2,0,0,2,2,0,0,1,0,1,1,0,0,0,0.363636363,"Brian Navarreto",16398,640459
"Jonah Cox","SFG",12,11,12,4,2,1,0,1,5,2,0,0,4,0,0,1,0,4,0,0.363636363,"Jonah Cox",33270,813841
"Tsung-Che Cheng","- - -",7,17,19,6,6,0,0,0,4,2,2,0,9,0,0,0,0,0,1,0.352941176,"Tsung-Che Cheng",28344,691907
"Jim Jarvis","ATL",7,20,21,7,4,2,0,1,2,2,0,0,5,0,0,1,0,0,0,0.35,"Jim Jarvis",33492,805347
"Blaze Jordan","STL",11,44,46,15,11,1,2,1,8,10,1,0,7,0,1,0,2,0,0,0.34090909,"Blaze Jordan",28199,691458
"Samad Taylor","- - -",19,57,63,19,17,0,1,1,12,3,4,0,14,0,0,2,2,2,0,0.333333333,"Samad Taylor",22274,669392
"Tyler Tolbert","KCR",39,57,64,19,16,1,0,2,21,7,3,0,13,2,1,1,1,14,0,0.333333333,"Tyler Tolbert",25779,686475
"Gage Workman","- - -",10,24,24,8,2,4,0,2,3,7,0,0,7,0,0,0,0,1,0,0.333333333,"Gage Workman",27573,669398
"Ryan Bliss","SEA",18,46,52,15,10,3,1,1,2,9,3,0,10,1,1,1,1,1,4,0.326086956,"Ryan Bliss",29547,669208
"Bryce Johnson","SDP",46,80,89,26,21,5,0,0,10,8,5,0,22,1,0,3,2,5,1,0.325,"Bryce Johnson",20002,669369
"Blake Dunn","CIN",41,112,128,36,28,5,1,2,23,9,9,0,30,6,1,0,2,6,4,0.321428571,"Blake Dunn",29487,694362
"Carlos Cortes","ATH",55,147,164,47,33,7,1,6,17,18,14,0,20,1,2,0,4,1,0,0.319727891,"Carlos Cortes",21842,666126
"Blake Sabol","- - -",8,22,26,7,6,1,0,0,1,2,3,0,7,0,1,0,1,0,0,0.318181818,"Blake Sabol",25805,666165
"Sung-Mun Song","SDP",17,41,45,13,8,4,0,1,8,8,3,0,5,0,0,1,1,4,1,0.31707317,"Sung-Mun Song",37122,823550
"Luis Arraez","- - -",202,848,917,267,200,52,7,8,103,74,48,3,35,5,11,5,17,13,4,0.31485849,"Luis Arraez",18568,650333
"Joey Wendle","NYM",6,16,17,5,5,0,0,0,2,0,1,0,5,0,0,0,0,1,0,0.3125,"Joey Wendle",13853,621563
"Cooper Pratt","MIL",15,48,58,15,12,2,1,0,7,5,8,0,7,1,1,0,3,4,1,0.3125,"Cooper Pratt",33530,806198
"Aaron Judge","NYY",190,693,865,216,113,41,1,61,144,145,155,29,212,8,7,0,24,13,7,0.311688311,"Aaron Judge",15640,592450
"Kevin Alcántara","CHC",8,13,14,4,4,0,0,0,1,2,1,0,4,0,0,0,0,0,0,0.307692307,"Kevin Alcantara",25971,682634
"Victor Bericoto","SFG",10,26,26,8,3,3,0,2,3,3,0,0,6,0,0,0,2,0,2,0.307692307,"Victor Bericoto",26468,682674
"Vladimir Guerrero Jr.","TOR",203,792,886,242,158,52,0,32,130,111,83,7,123,7,4,0,22,7,2,0.305555555,"Vladimir Guerrero Jr.",19611,665489
"George Valera","CLE",14,36,41,11,5,5,0,1,4,6,5,0,10,0,0,0,0,0,0,0.305555555,"George Valera",22541,671655
"Xavier Edwards","MIA",151,591,671,180,140,26,10,4,79,56,72,1,88,1,5,2,9,41,9,0.304568527,"Xavier Edwards",22266,669364
"Iván Herrera","STL",137,496,597,151,113,21,2,15,85,71,69,1,107,25,6,0,21,9,1,0.304435483,"Ivan Herrera",20599,671056
"Ben Gamel","- - -",20,46,54,14,11,3,0,0,10,3,8,0,14,0,0,0,0,1,0,0.304347826,"Ben Gamel",12160,592325
"Jorge Alfaro","WSN",6,23,23,7,6,1,0,0,3,1,0,0,8,0,0,0,0,0,0,0.304347826,"Jorge Alfaro",12180,595751
"Luke Keaschall","MIN",64,230,263,70,52,13,0,5,33,25,26,1,32,6,1,0,5,11,3,0.304347826,"Luke Keaschall",33321,807712
"Gabriel Moreno","ARI",125,428,483,130,93,23,0,14,63,63,44,1,88,5,6,0,6,6,2,0.303738317,"Gabriel Moreno",22664,672515
"Miguel Rojas","LAD",132,382,426,115,82,27,0,6,54,45,34,0,55,2,5,3,10,11,2,0.30104712,"Miguel Rojas",7802,500743
"Freddie Freeman","LAD",187,721,841,217,130,49,3,35,115,132,102,8,154,8,10,0,19,11,2,0.300970873,"Freddie Freeman",5361,518692
"Jason Delay","PIT",4,10,14,3,0,3,0,0,1,6,3,0,0,0,0,1,0,0,0,0.3,"Jason Delay",19806,641511
"Jackson Chourio","MIL",167,690,732,207,134,47,3,23,112,95,30,2,147,4,6,2,10,33,9,0.3,"Jackson Chourio",28806,694192
"Edwin Arroyo","CIN",15,50,56,15,13,2,0,0,5,3,3,0,12,1,1,1,0,0,0,0.3,"Edwin Arroyo",29957,695490
"Harry Ford","- - -",5,10,13,3,1,1,0,1,4,4,1,0,4,2,0,0,0,1,0,0.3,"Harry Ford",29958,695670
"Daylen Lile","WSN",94,360,392,108,72,18,9,9,57,47,21,1,65,4,6,1,5,12,7,0.3,"Daylen Lile",29995,695734
"Donovan Walton","- - -",16,57,62,17,11,4,0,2,9,9,3,0,12,1,0,1,2,0,0,0.298245614,"Donovan Walton",19314,622268
"Yordan Alvarez","HOU",142,534,632,159,86,30,2,41,85,99,85,23,108,6,7,0,8,4,1,0.297752808,"Yordan Alvarez",19556,670541
"Chandler Simpson","TBR",105,404,432,120,103,13,4,0,48,20,21,0,39,0,1,5,7,29,14,0.297029702,"Chandler Simpson",31912,802415
"Nick Gonzales","PIT",140,573,605,170,118,33,4,15,77,64,23,1,111,5,3,1,16,6,2,0.296684118,"Nick Gonzales",27490,693304
"Donovan Solano","- - -",87,254,271,75,59,10,1,5,22,38,15,0,62,1,1,0,8,1,1,0.29527559,"Donovan Solano",8623,456781
"Kevin McGonigle","DET",47,183,210,54,38,9,1,6,30,19,24,0,30,3,0,0,0,7,0,0.295081967,"Kevin McGonigle",33572,805808
"Jonathan Ornelas","TEX",9,17,19,5,5,0,0,0,0,2,2,0,7,0,0,0,0,0,0,0.294117647,"Jonathan Ornelas",24597,680716
"Paul Goldschmidt","- - -",184,698,766,205,131,47,1,26,92,78,53,2,170,7,4,0,20,10,0,0.293696275,"Paul Goldschmidt",9218,502671
"TJ Rumfield","COL",49,171,196,50,33,11,1,5,20,17,21,0,29,3,1,0,1,0,0,0.29239766,"TJ Rumfield",29805,681198
"Amed Rosario","- - -",107,323,340,94,67,17,2,8,29,46,11,0,70,3,3,0,8,9,2,0.291021671,"Amed Rosario",15518,642708
"Carlos Correa","- - -",135,508,579,147,101,28,1,17,80,64,65,1,106,3,2,0,14,1,0,0.289370078,"Carlos Correa",14162,621043
"JJ Wetherholt","STL",45,180,216,52,36,8,0,8,39,24,25,0,35,11,0,0,0,3,0,0.288888888,"JJ Wetherholt",34985,802139
"Shohei Ohtani","LAD",202,821,965,237,115,49,12,61,171,155,131,21,234,4,6,0,11,36,7,0.28867235,"Shohei Ohtani",19755,660271
"Julio Rodríguez","SEA",197,817,887,235,158,35,2,40,128,121,53,2,189,14,3,0,19,31,8,0.287637698,"Julio Rodriguez",23697,677594
"Bobby Witt Jr.","KCR",204,829,922,238,154,44,6,34,130,119,74,12,171,10,9,0,9,50,10,0.287092882,"Bobby Witt Jr.",25764,677951
"Miguel Sanó","LAA",13,42,49,12,8,3,0,1,5,4,5,0,13,1,1,0,2,0,0,0.285714285,"Miguel Sano",12164,593934
"Matt Duffy","TEX",3,7,10,2,2,0,0,0,2,0,2,0,1,1,0,0,0,0,0,0.285714285,"Matt Duffy",13836,622110
"Miguel Andujar","- - -",121,427,460,122,82,32,2,6,51,45,25,0,65,6,2,0,13,5,3,0.285714285,"Miguel Andujar",15878,609280
"Forrest Wall","- - -",7,14,16,4,4,0,0,0,3,0,2,0,2,0,0,0,0,3,0,0.285714285,"Forrest Wall",16496,657088
"Nathan Lukes","TOR",109,343,392,98,71,13,2,12,47,50,35,2,51,4,4,6,11,2,3,0.285714285,"Nathan Lukes",18123,664770
"Esmerlyn Valdez","PIT",16,56,63,16,7,4,1,4,9,14,6,0,24,0,1,0,3,0,1,0.285714285,"Esmerlyn Valdez",29005,699013
"Luis Lara","MIL",5,14,18,4,3,1,0,0,2,2,4,0,2,0,0,0,0,0,0,0.285714285,"Luis Lara",30675,800325
"Kristian Campbell","BOS",34,119,131,34,21,7,0,6,15,16,12,0,40,0,0,0,0,1,0,0.285714285,"Kristian Campbell",33644,692225
"Hyeseong Kim","LAD",58,154,165,44,36,5,2,1,19,12,9,0,47,1,0,1,2,11,1,0.285714285,"Hyeseong Kim",35322,808975
"Spencer Horwitz","- - -",138,473,541,135,91,24,1,19,72,66,59,1,96,6,3,0,12,0,1,0.285412262,"Spencer Horwitz",26477,687462
"Hao-Yu Lee","DET",29,81,84,23,13,6,1,3,8,14,3,0,21,0,0,0,0,1,1,0.283950617,"Hao-Yu Lee",30080,701678
"Jung Hoo Lee","SFG",146,575,622,163,117,30,7,9,82,55,34,0,61,7,6,0,6,10,2,0.28347826,"Jung Hoo Lee",33824,808982
"Otto Lopez","MIA",178,681,739,193,137,37,3,16,86,78,44,0,105,4,9,0,12,28,7,0.283406754,"Otto Lopez",19608,672640
"Jackson Merrill","SDP",178,699,747,198,128,38,4,28,90,102,34,1,172,6,5,3,5,22,4,0.283261802,"Jackson Merrill",29490,701538
"Harold Ramírez","- - -",33,106,110,30,23,6,1,0,15,15,3,0,22,1,0,0,0,2,1,0.283018867,"Harold Ramirez",14387,623912
"Cody Freeman","TEX",21,71,77,20,15,3,0,2,8,9,5,0,12,0,0,1,2,1,1,0.28169014,"Cody Freeman",25629,683227
"Jacob Wilson","OAK",109,426,454,120,94,17,2,7,47,36,20,0,44,1,3,4,15,4,1,0.28169014,"Jacob Wilson",33266,805779
"Seiya Suzuki","CHC",184,734,819,206,123,42,6,35,109,110,76,2,221,3,6,0,15,12,4,0.28065395,"Seiya Suzuki",30116,673548
"Alex Bregman","- - -",183,740,821,207,140,38,1,28,98,92,62,3,128,13,6,0,20,4,1,0.279729729,"Alex Bregman",17678,608324
"CJ Abrams","WSN",190,752,841,210,107,53,11,39,127,108,55,3,182,28,5,1,8,42,11,0.279255319,"CJ Abrams",25768,682928
"Dillon Dingler","DET",121,427,473,119,72,24,5,18,58,74,29,1,106,12,4,0,4,0,0,0.278688524,"Dillon Dingler",27464,693307
"Brice Turang","MIL",199,781,873,217,153,38,4,22,125,116,81,3,180,2,7,2,8,36,12,0.277848911,"Brice Turang",22186,668930
"Trey Lipscomb","WSN",33,108,121,30,27,2,0,1,16,7,10,0,21,2,1,0,5,10,1,0.277777777,"Trey Lipscomb",31567,702358
"Brendan Donovan","- - -",146,569,637,158,107,35,2,14,70,63,50,0,85,12,5,1,5,2,5,0.27768014,"Brendan Donovan",24679,680977
"Nico Hoerner","CHC",202,796,877,221,165,40,3,13,110,84,62,1,75,13,6,0,8,41,10,0.27763819,"Nico Hoerner",21479,663538
"Ronald Acuña Jr.","ATL",98,371,444,103,70,15,0,18,73,45,66,2,99,6,1,0,4,23,7,0.277628032,"Ronald Acuna Jr.",18401,660670
"Ernie Clement","TOR",181,667,708,185,126,43,3,13,93,58,27,1,76,4,7,3,17,14,4,0.277361319,"Ernie Clement",20352,676391
"Tristan Peters","- - -",50,148,164,41,26,12,1,2,18,12,10,0,38,1,2,3,0,3,1,0.277027027,"Tristan Peters",30063,671976
"Kyle Tucker","- - -",150,567,669,157,100,27,2,28,104,95,93,4,115,3,5,0,8,19,2,0.276895943,"Kyle Tucker",18345,663656
"Bo Bichette","- - -",167,687,740,190,138,39,2,11,76,96,46,2,118,3,4,0,25,3,2,0.276564774,"Bo Bichette",19612,666182
"Liam Hicks","MIA",102,333,387,92,73,9,0,10,52,58,43,1,50,3,5,3,5,3,0,0.276276276,"Liam Hicks",29844,689414
"Fernando Tatis Jr.","SDP",174,706,781,195,135,37,2,21,117,78,68,2,173,5,2,0,10,27,9,0.276203966,"Fernando Tatis Jr.",19709,665487
"Lourdes Gurriel Jr.","ARI",153,606,645,167,118,31,0,18,67,73,30,1,115,5,4,0,14,11,3,0.275577557,"Lourdes Gurriel Jr.",19238,666971
"Juan Soto","- - -",202,729,908,200,116,26,5,53,153,122,171,14,158,3,5,0,15,26,6,0.274348422,"Juan Soto",20123,665742
"Mookie Betts","LAD",164,660,738,181,135,25,4,17,100,74,69,4,90,2,7,0,14,13,3,0.274242424,"Mookie Betts",13611,605141
"Yohendrick Piñango","TOR",25,73,78,20,16,2,0,2,6,9,5,0,21,0,0,0,0,0,0,0.273972602,"Yohendrick Pinango",26664,682818
"Jake Mangum","- - -",95,336,357,92,77,12,1,2,30,26,14,0,61,4,0,3,6,16,4,0.273809523,"Jake Mangum",26202,663968
"Gavin Lux","- - -",135,453,509,124,88,28,2,6,59,52,54,0,119,1,1,0,5,4,2,0.273730684,"Gavin Lux",19955,666158
"Romy Gonzalez","BOS",96,274,301,75,47,16,2,10,40,45,21,1,75,2,4,0,6,7,5,0.273722627,"Romy Gonzalez",21562,663853
"Alec Bohm","PHI",181,720,778,197,138,43,2,14,71,92,46,0,123,8,4,0,23,6,0,0.273611111,"Alec Bohm",21618,664761
"Ryan O'Hearn","- - -",181,607,681,166,116,30,1,19,79,82,62,3,122,7,5,0,16,4,0,0.273476112,"Ryan O'Hearn",16442,656811
"Dane Myers","- - -",108,289,319,79,56,15,0,8,42,38,26,0,79,2,2,0,5,18,2,0.273356401,"Dane Myers",22054,667472
"Alec Burleson","STL",184,710,771,194,134,29,2,29,85,109,51,1,124,1,5,1,12,6,2,0.273239436,"Alec Burleson",27615,676475
"Steven Kwan","CLE",189,743,829,203,161,29,2,11,102,60,72,0,74,7,4,3,7,24,6,0.273216689,"Steven Kwan",24610,680757
"Omar Narváez","NYM",10,33,35,9,7,2,0,0,4,4,1,0,5,0,0,1,2,0,0,0.272727272,"Omar Narvaez",13338,553882
"Yandy Díaz","TBR",185,737,827,201,147,36,3,15,70,85,73,5,131,9,8,0,19,2,1,0.272727272,"Yandy Diaz",16578,650490
"Oscar Colás","CHW",9,22,25,6,6,0,0,0,1,2,3,0,7,0,0,0,0,0,1,0.272727272,"Oscar Colas",30162,693049
"Sal Stewart","CIN",57,220,248,60,35,10,0,15,34,46,23,2,47,1,4,0,7,7,1,0.272727272,"Sal Stewart",31505,701398
"Michael Harris II","ATL",184,734,777,200,132,32,5,31,99,104,31,1,164,7,3,2,10,13,6,0.272479564,"Michael Harris II",25931,671739
"Juan Yepez","WSN",29,103,114,28,19,9,0,0,16,9,8,0,19,1,2,0,2,1,1,0.27184466,"Juan Yepez",18400,660766
"Nolan Schanuel","LAA",172,631,731,171,125,27,1,18,82,74,82,2,110,11,3,3,21,5,0,0.270998415,"Nolan Schanuel",33189,694384
"Ketel Marte","ARI",175,683,778,185,105,31,2,47,100,113,79,6,141,9,7,0,12,7,3,0.270863836,"Ketel Marte",13613,606466
"Troy Johnston","- - -",68,192,214,52,38,9,1,4,22,28,15,0,36,5,1,1,2,2,3,0.270833333,"Troy Johnston",26143,687859
"David Hamilton","- - -",113,315,352,85,57,13,3,12,53,31,29,0,96,3,0,5,4,37,9,0.269841269,"David Hamilton",27531,666152
"Jonathan Aranda","TBR",124,445,518,120,83,20,0,17,60,58,55,3,136,11,7,0,10,0,1,0.269662921,"Jonathan Aranda",21837,666018
"Chase DeLauter","CLE",39,141,159,38,21,9,0,8,16,20,18,0,28,0,0,0,3,2,0,0.269503546,"Chase DeLauter",32127,800050
"James Wood","WSN",160,620,729,167,97,41,1,28,102,89,102,11,238,4,3,0,7,23,9,0.269354838,"James Wood",29518,695578
"David Peralta","SDP",47,130,141,35,25,6,0,4,23,14,11,0,33,0,0,0,0,1,0,0.269230769,"David Peralta",2136,444482
"Wade Meckler","LAA",24,78,84,21,17,3,0,1,10,8,6,0,17,0,0,0,1,3,0,0.269230769,"Wade Meckler",31490,685133
"Will Smith","LAD",140,513,595,138,92,26,3,17,78,75,65,3,116,7,10,0,11,1,3,0.269005847,"Will Smith",19197,669257
"Andruw Monasterio","- - -",86,238,257,64,41,13,1,9,32,34,18,0,51,0,0,1,4,4,3,0.268907563,"Andruw Monasterio",19455,655316
"Isaac Paredes","- - -",168,636,737,171,119,29,0,23,78,87,81,0,118,16,4,0,16,1,1,0.268867924,"Isaac Paredes",20036,670623
"Masataka Yoshida","BOS",118,398,442,107,76,20,1,10,40,56,32,0,54,8,4,0,5,3,0,0.268844221,"Masataka Yoshida",31837,807799
"Roman Anthony","BOS",51,186,226,50,33,10,0,7,34,21,35,1,75,4,1,0,0,2,1,0.268817204,"Roman Anthony",31812,701350
"Ildemaro Vargas","- - -",107,346,374,93,72,16,0,5,38,49,18,1,42,1,6,3,3,7,2,0.268786127,"Ildemaro Vargas",13324,545121
"Richie Palacios","TBR",89,257,303,69,53,8,1,7,46,34,37,2,57,7,2,0,4,19,1,0.26848249,"Richie Palacios",24589,680700
"Christian Yelich","MIL",148,585,665,157,103,26,3,25,92,92,70,6,157,5,2,2,7,24,5,0.268376068,"Christian Yelich",11477,592885
"Ryan Mountcastle","BAL",104,403,431,108,75,27,0,6,39,48,21,0,104,3,4,0,10,1,0,0.267990074,"Ryan Mountcastle",18373,663624
"Starling Marte","- - -",113,370,411,99,69,19,2,9,50,45,26,1,87,9,5,1,11,14,3,0.267567567,"Starling Marte",9241,516782
"Jake Fraley","- - -",117,363,398,97,64,24,2,7,48,31,32,0,80,1,2,0,7,18,4,0.26721763,"Jake Fraley",19260,641584
"Nick Kurtz","ATH",103,378,445,101,56,22,3,20,73,59,65,5,147,1,1,0,4,7,0,0.267195767,"Nick Kurtz",35110,701762
"René Pinto","TBR",6,15,16,4,3,1,0,0,1,1,1,0,7,0,0,0,0,0,0,0.266666666,"Rene Pinto",19859,650907
"William Contreras","MIL",195,792,890,211,144,43,1,23,113,115,86,8,161,6,6,0,23,7,3,0.266414141,"William Contreras",20503,661388
"Lenyn Sosa","- - -",144,518,541,138,94,24,1,19,56,66,13,0,116,5,3,2,8,2,0,0.266409266,"Lenyn Sosa",22896,672820
"Casey Schmitt","SFG",113,413,445,110,71,17,1,21,49,60,20,1,96,9,3,0,8,7,1,0.266343825,"Casey Schmitt",27577,669477
"Brandon Lowe","- - -",158,612,680,163,92,29,2,40,101,107,57,0,186,3,8,0,5,5,1,0.266339869,"Brandon Lowe",18882,664040
"Rob Refsnyder","- - -",97,278,313,74,41,19,1,13,35,43,26,2,78,5,3,0,7,3,1,0.26618705,"Rob Refsnyder",13770,608701
"Sam Antonacci","CHW",39,139,160,37,23,8,1,5,26,15,9,0,24,12,0,0,0,3,3,0.26618705,"Sam Antonacci",35101,803011
"Bryce Eldridge","SFG",34,124,141,33,20,8,0,5,17,16,15,0,37,1,1,0,0,1,0,0.266129032,"Bryce Eldridge",33390,805811
"Taylor Ward","- - -",199,756,876,201,115,42,4,40,116,108,107,1,202,6,7,0,18,6,5,0.265873015,"Taylor Ward",17548,621493
"Riley Greene","DET",196,745,844,198,113,38,3,44,111,114,92,4,242,3,4,0,18,6,2,0.265771812,"Riley Greene",25976,682985
"Willson Contreras","- - -",157,584,678,155,85,36,1,33,88,96,60,2,176,27,6,0,13,5,3,0.265410958,"Willson Contreras",11609,575929
"Austin Hays","- - -",98,328,361,87,52,18,3,14,48,42,24,2,91,5,3,1,7,4,2,0.265243902,"Austin Hays",19363,669720
"Brandon Marsh","PHI",179,577,649,153,105,29,2,17,78,67,57,2,178,4,8,3,3,15,4,0.265164644,"Brandon Marsh",20202,669016
"Justin Foscue","TEX",29,83,90,22,14,6,0,2,8,10,5,0,21,1,1,0,1,0,0,0.26506024,"Justin Foscue",27501,679822
"Garrett Stubbs","PHI",40,117,130,31,27,3,1,0,18,10,7,0,37,4,2,0,0,5,0,0.264957264,"Garrett Stubbs",18067,596117
"Jose F Miranda","MIN",69,238,253,63,42,14,3,4,18,28,10,1,45,3,2,0,7,2,1,0.264705882,"Jose F Miranda",20538,669304
"Jake Bauers","MIL",140,397,460,105,63,23,1,18,67,71,60,1,129,3,0,0,1,14,2,0.264483627,"Jake Bauers",15194,641343
"Joc Pederson","- - -",164,450,544,119,76,18,3,22,66,60,69,1,131,16,4,1,6,6,1,0.264444444,"Joc Pederson",11899,592626
"Kyle Stowers","- - -",129,450,508,119,70,25,4,20,62,66,50,1,146,4,3,1,8,4,2,0.264444444,"Kyle Stowers",26151,669065
"Ben Rice","NYY",142,507,573,134,70,31,4,29,83,89,52,3,126,9,4,0,14,2,3,0.264299802,"Ben Rice",29576,700250
"Victor Caratini","- - -",133,409,470,108,77,17,0,14,47,56,40,0,92,13,8,0,9,1,1,0.264058679,"Victor Caratini",14968,605170
"Alejandro Kirk","TOR",126,428,483,113,86,20,1,6,30,57,42,3,67,2,11,0,15,0,0,0.264018691,"Alejandro Kirk",22581,672386
"Heliot Ramos","SFG",168,663,730,175,109,35,3,28,84,86,51,1,181,11,5,0,19,6,2,0.263951734,"Heliot Ramos",22515,671218
"Trea Turner","PHI",184,781,835,206,143,34,4,25,110,85,44,0,166,6,4,0,13,37,9,0.263764404,"Trea Turner",16252,607208
"Dominic Canzone","SEA",116,330,366,87,54,13,1,19,42,48,27,0,85,3,5,0,10,2,1,0.263636363,"Dominic Canzone",26438,686527
"Edmundo Sosa","PHI",109,315,347,83,55,15,3,10,45,40,16,0,80,7,4,4,6,7,1,0.263492063,"Edmundo Sosa",17022,624641
"Isiah Kiner-Falefa","- - -",151,505,545,133,101,23,4,5,57,43,27,0,88,8,2,3,12,19,4,0.263366336,"Isiah Kiner-Falefa",16512,643396
"Jack López","LAA",15,38,39,10,8,1,0,1,2,5,0,0,17,0,0,1,2,0,1,0.263157894,"Jack Lopez",13663,605346
"Jacob Gonzalez","- - -",20,57,63,15,9,4,0,2,9,13,4,0,13,1,0,1,1,0,0,0.263157894,"Jacob Gonzalez",33225,694378
"Drew Cavanaugh","SFG",7,19,22,5,5,0,0,0,1,2,2,0,7,0,0,1,0,0,0,0.263157894,"Drew Cavanaugh",33380,701852
"Nicky Lopez","- - -",89,289,319,76,66,8,1,1,27,17,23,0,56,4,0,3,5,5,7,0.262975778,"Nicky Lopez",19339,670032
"Brandon Lockridge","- - -",56,137,150,36,28,6,1,1,17,11,8,0,40,1,2,2,1,13,1,0.262773722,"Brandon Lockridge",21496,663604
"Corey Seager","TEX",137,533,616,140,83,23,0,34,89,74,77,9,117,4,2,0,14,2,1,0.262664165,"Corey Seager",13624,608369
"Blake Perkins","MIL",110,339,383,89,64,15,3,7,58,42,35,1,91,4,4,1,5,13,6,0.262536873,"Blake Perkins",19921,663368
"Colt Keith","DET",189,625,683,164,118,24,1,21,74,77,49,1,146,4,5,0,7,5,0,0.2624,"Colt Keith",27899,690993
"Austin Wynns","- - -",32,103,109,27,16,7,0,4,11,16,3,0,33,1,1,1,2,0,0,0.262135922,"Austin Wynns",15271,642851
"Tyler Fitzgerald","SFG",85,290,325,76,47,15,3,11,35,29,28,0,103,5,1,1,4,16,5,0.262068965,"Tyler Fitzgerald",26208,666149
"Connor Wong","BOS",117,397,435,104,73,24,0,7,47,42,29,0,97,5,1,3,7,10,4,0.261964735,"Connor Wong",19896,657136
"Rowdy Tellez","- - -",121,336,363,88,59,16,0,13,35,53,23,0,85,1,3,0,13,1,0,0.261904761,"Rowdy Tellez",15679,642133
"Brent Rooker","OAK",183,714,784,187,106,33,3,45,101,123,63,4,218,5,2,0,11,11,3,0.261904761,"Brent Rooker",19627,667670
"Heriberto Hernández","MIA",80,252,279,66,37,13,1,15,33,51,23,1,78,1,3,0,5,5,1,0.261904761,"Heriberto Hernandez",24878,681715
"Jake Burger","- - -",172,653,707,171,107,26,2,36,82,107,39,0,193,8,7,0,8,3,2,0.2618683,"Jake Burger",22275,669394
"Teoscar Hernández","LAD",175,692,749,181,108,43,3,27,93,118,43,2,220,7,7,0,15,12,1,0.261560693,"Teoscar Hernandez",13066,606192
"Victor Robles","- - -",77,245,277,64,46,15,1,2,38,25,14,0,52,8,5,5,8,23,3,0.261224489,"Victor Robles",18363,645302
"Jonah Bride","- - -",54,180,201,47,30,9,0,8,23,32,14,1,50,2,5,0,5,0,1,0.261111111,"Jonah Bride",24703,681146
"Dairon Blanco","KCR",37,69,78,18,12,2,0,4,21,12,5,0,21,1,1,1,2,15,6,0.260869565,"Dairon Blanco",19779,680118
"César Salazar","HOU",11,23,29,6,6,0,0,0,2,6,2,0,5,2,1,1,1,0,0,0.260869565,"Cesar Salazar",21587,663967
"Sebastián Rivero","LAA",16,46,49,12,10,2,0,0,4,8,2,0,12,0,0,1,1,1,0,0.260869565,"Sebastian Rivero",21735,665861
"Yainer Diaz","HOU",168,667,703,174,119,34,1,20,65,83,25,2,121,3,8,0,21,1,1,0.260869565,"Yainer Diaz",23003,673237
"Masyn Winn","STL",175,694,768,181,132,30,5,14,101,83,54,0,143,7,10,3,11,19,6,0.260806916,"Masyn Winn",27479,691026
"Carson Kelly","- - -",130,445,501,116,78,19,2,17,63,58,46,0,87,8,2,0,11,0,0,0.260674157,"Carson Kelly",13620,608348
"Eric Haase","- - -",41,119,128,31,20,4,0,7,18,19,6,0,45,1,0,2,2,0,0,0.260504201,"Eric Haase",14111,606992
"Matt Olson","ATL",212,822,952,214,111,52,2,49,132,144,118,6,232,8,4,0,19,2,0,0.260340632,"Matt Olson",14344,621566
"Oswaldo Cabrera","NYY",68,227,253,59,43,10,0,6,38,33,19,0,52,3,3,1,6,3,1,0.259911894,"Oswaldo Cabrera",21707,665828
"Andrew Vaughn","- - -",160,574,632,149,102,31,2,14,49,70,47,0,111,5,6,0,14,2,0,0.259581881,"Andrew Vaughn",26197,683734
"Armando Alvarez","OAK",11,27,29,7,6,1,0,0,5,1,2,0,7,0,0,0,1,1,0,0.259259259,"Armando Alvarez",19292,669137
"Vaughn Grissom","- - -",45,162,186,42,27,11,0,4,20,29,16,0,28,3,4,0,8,1,0,0.259259259,"Vaughn Grissom",26031,687093
"Jose Altuve","HOU",190,764,837,198,145,30,1,22,102,68,66,4,144,4,2,1,28,15,8,0.259162303,"Jose Altuve",5417,514888
"Jonny DeLuca","TBR",88,274,294,71,50,10,3,8,33,33,19,1,61,1,0,0,3,14,8,0.259124087,"Jonny DeLuca",26365,676356
"José Ramírez","CLE",194,753,850,195,109,44,3,39,120,118,84,19,110,6,6,0,12,53,10,0.258964143,"Jose Ramirez",13510,608070
"Munetaka Murakami","CHW",31,112,137,29,16,3,0,10,22,23,24,1,46,1,0,0,1,0,1,0.258928571,"Munetaka Murakami",37120,808959
"Jeremy Peña","HOU",171,680,740,176,126,29,1,20,83,78,38,1,118,16,4,2,9,22,2,0.258823529,"Jeremy Pena",21636,665161
"Wilyer Abreu","BOS",168,568,643,147,84,36,1,26,76,84,67,2,166,2,6,0,10,9,6,0.258802816,"Wilyer Abreu",23772,677800
"Francisco Alvarez","NYM",118,402,445,104,72,15,3,14,43,49,37,0,124,3,1,0,11,0,1,0.258706467,"Francisco Alvarez",26121,682626
"Xander Bogaerts","SDP",173,642,716,166,112,37,1,16,89,63,58,1,115,5,11,0,16,18,4,0.258566978,"Xander Bogaerts",12161,593428
"Byron Buxton","MIN",150,584,633,151,82,25,4,40,99,101,33,4,183,10,6,0,4,15,3,0.258561643,"Byron Buxton",14161,621439
"Brice Matthews","HOU",50,147,168,38,24,4,1,9,23,29,15,0,44,1,1,4,1,5,3,0.258503401,"Brice Matthews",33280,694728
"Christian Walker","- - -",193,770,845,199,119,35,0,45,107,131,60,3,186,10,5,0,17,2,1,0.258441558,"Christian Walker",13419,572233
"Manuel Margot","- - -",65,178,195,46,36,7,1,2,20,17,12,0,36,1,3,1,7,2,0,0.258426966,"Manuel Margot",14712,622534
"Geraldo Perdomo","ARI",170,632,743,163,107,31,2,23,100,82,85,1,98,11,8,7,10,33,11,0.257911392,"Geraldo Perdomo",22799,672695
"Jake Meyers","HOU",143,485,544,125,90,20,4,11,63,56,42,0,105,10,4,3,12,15,5,0.257731958,"Jake Meyers",20308,676694
"Gunnar Henderson","BAL",202,792,906,204,126,42,8,28,124,92,93,4,198,13,8,0,6,30,5,0.257575757,"Gunnar Henderson",26289,683002
"Jake McCarthy","- - -",144,467,525,120,89,15,7,9,55,50,36,0,86,9,4,9,3,28,7,0.256959314,"Jake McCarthy",21622,664983
"Michael Busch","CHC",202,720,835,185,108,36,2,39,113,115,97,2,194,11,7,0,13,4,2,0.256944444,"Michael Busch",26319,683737
"Eli White","ATL",90,234,246,60,37,11,4,8,36,32,10,0,56,1,1,0,2,9,0,0.256410256,"Eli White",19346,642201
"Ronny Simon","- - -",14,39,44,10,9,1,0,0,7,4,4,0,8,0,0,1,0,1,0,0.256410256,"Ronny Simon",25346,682927
"Marcell Ozuna","- - -",182,667,780,171,112,27,0,32,94,89,102,4,195,5,5,0,17,0,0,0.256371814,"Marcell Ozuna",10324,542303
"Reese McGuire","- - -",55,160,176,41,29,3,0,9,20,33,11,0,36,2,2,1,4,2,0,0.25625,"Reese McGuire",15674,624512
"Trevor Larnach","MIN",165,574,638,147,98,29,1,19,77,67,55,2,133,7,1,1,12,6,3,0.25609756,"Trevor Larnach",21501,663616
"Adley Rutschman","BAL",152,586,651,150,102,27,3,18,70,87,59,2,90,3,3,0,12,1,1,0.255972696,"Adley Rutschman",26288,668939
"Drake Baldwin","ATL",99,336,380,86,59,9,1,17,52,56,40,0,71,4,0,0,8,1,1,0.25595238,"Drake Baldwin",31539,686948
"Gavin Sheets","- - -",188,630,698,161,101,35,1,24,64,85,59,2,141,5,4,0,16,6,1,0.255555555,"Gavin Sheets",19901,657757
"Marcelo Mayer","BOS",59,180,196,46,33,8,1,4,22,17,15,0,43,1,0,0,6,3,0,0.255555555,"Marcelo Mayer",29668,691785
"Will Wagner","- - -",49,137,154,35,26,7,0,2,14,11,15,1,29,2,0,0,3,1,0,0.255474452,"Will Wagner",29634,695238
"Nathaniel Lowe","- - -",187,658,746,168,117,32,1,18,72,111,83,1,184,2,3,0,6,1,0,0.255319148,"Nathaniel Lowe",19566,663993
"Alex Call","- - -",93,239,287,61,41,13,1,6,40,27,38,0,49,6,2,2,6,1,1,0.255230125,"Alex Call",19296,669743
"Tyler Stephenson","CIN",148,506,575,129,78,29,0,22,68,71,59,3,158,5,5,0,11,1,1,0.254940711,"Tyler Stephenson",17988,663886
"Jeff McNeil","- - -",164,557,615,142,94,25,3,20,71,63,48,4,87,7,2,1,9,4,1,0.254937163,"Jeff McNeil",15362,643446
"Sal Frelick","MIL",185,659,728,168,135,27,1,5,80,57,47,0,91,7,3,6,8,20,4,0.254931714,"Sal Frelick",29622,686217
"Jurickson Profar","- - -",120,463,548,118,82,21,1,14,80,59,64,3,76,14,4,3,14,9,1,0.254859611,"Jurickson Profar",10815,595777
"Brandon Nimmo","- - -",201,781,884,199,125,42,2,30,104,106,85,1,196,13,4,1,16,20,1,0.254801536,"Brandon Nimmo",12927,607043
"Jordan Westburg","BAL",96,381,407,97,63,12,4,18,56,43,20,0,90,6,0,0,7,5,3,0.254593175,"Jordan Westburg",27815,676059
"Shea Langeliers","OAK",169,660,726,168,92,30,0,46,88,107,53,2,180,7,6,0,17,6,3,0.254545454,"Shea Langeliers",25816,669127
"Derek Hill","- - -",87,232,248,59,39,6,0,14,34,30,10,0,89,4,0,2,4,12,2,0.254310344,"Derek Hill",16947,656537
"Gio Urshela","- - -",87,303,324,77,53,19,1,4,21,34,16,0,61,0,4,1,7,0,1,0.254125412,"Gio Urshela",10681,570482
"Jorbit Vivas","- - -",46,122,140,31,25,5,0,1,13,11,8,0,16,5,2,2,1,0,1,0.25409836,"Jorbit Vivas",23917,678391
"Miles Mastrobuoni","- - -",66,138,160,35,31,3,0,1,18,11,17,0,29,0,3,2,2,4,1,0.253623188,"Miles Mastrobuoni",20017,670156
"Nick Allen","- - -",102,284,319,72,63,7,0,2,26,22,22,0,61,4,2,7,7,8,4,0.253521126,"Nick Allen",22277,669397
"Wyatt Langford","TEX",160,632,702,160,106,26,2,26,97,75,62,1,165,5,3,0,8,28,3,0.253164556,"Wyatt Langford",33333,694671
"Luis García Jr.","WSN",178,640,677,162,94,41,2,25,84,100,30,3,127,1,6,0,10,12,5,0.253125,"Luis Garcia Jr.",20391,671277
"Manny Machado","SDP",203,803,889,203,123,43,0,37,105,140,77,6,179,3,5,1,26,12,3,0.252801992,"Manny Machado",11493,592518
"Ramón Laureano","- - -",132,467,509,118,63,29,2,24,65,73,28,0,138,9,5,0,9,10,4,0.252676659,"Ramon Laureano",17128,657656
"Nick Sogard","BOS",30,95,105,24,19,5,0,0,16,8,9,0,24,1,0,0,3,2,0,0.252631578,"Nick Sogard",25483,686765
"Eloy Jiménez","- - -",58,194,211,49,39,6,0,4,15,17,14,0,46,1,2,0,2,2,0,0.252577319,"Eloy Jimenez",17484,650391
"Yohel Pozo","STL",43,103,106,26,21,3,0,2,7,12,3,0,12,0,0,0,5,0,0,0.252427184,"Yohel Pozo",18848,650968
"Randy Arozarena","- - -",204,773,908,195,121,48,2,24,119,85,93,1,237,37,5,0,13,35,10,0.252263906,"Randy Arozarena",19290,668227
"Mauricio Dubón","- - -",170,599,637,151,106,34,1,10,64,54,31,0,86,2,0,4,10,4,3,0.252086811,"Mauricio Dubon",16530,643289
"Tyler Soderstrom","OAK",161,560,622,141,85,27,1,28,63,85,55,4,141,4,3,0,13,6,2,0.251785714,"Tyler Soderstrom",27467,691016
"Alex Freeland","LAD",51,147,173,37,28,5,1,3,21,16,21,0,48,1,2,2,5,1,0,0.25170068,"Alex Freeland",31665,690976
"Isaac Collins","- - -",106,310,372,78,50,18,2,8,42,45,51,0,76,6,3,2,7,10,6,0.251612903,"Isaac Collins",25477,686555
"Maikel Garcia","KCR",189,712,792,179,125,38,4,12,93,81,65,0,116,1,10,4,20,38,7,0.251404494,"Maikel Garcia",22715,672580
"Jose Trevino","- - -",87,275,302,69,41,18,0,10,35,37,19,0,43,1,4,3,7,1,0,0.25090909,"Jose Trevino",16725,624431
"Ben Williamson","- - -",85,279,302,70,57,11,0,2,41,22,21,0,61,0,0,2,7,7,2,0.250896057,"Ben Williamson",33197,810938
"Gleyber Torres","- - -",176,666,781,167,124,28,0,15,91,71,99,1,131,6,8,2,10,5,2,0.25075075,"Gleyber Torres",16997,650402
"Mike Tauchman","- - -",97,335,385,84,62,15,1,6,43,37,43,0,88,6,1,0,5,4,1,0.250746268,"Mike Tauchman",15274,643565
"Chase Meidroth","CHW",103,399,442,100,78,15,0,7,52,23,37,0,92,1,0,5,6,6,3,0.250626566,"Chase Meidroth",31580,805367
"Max Muncy","LAD",123,427,513,107,64,26,1,16,68,66,74,2,129,9,3,0,6,5,0,0.25058548,"Max Muncy",13301,571970
"Randal Grichuk","- - -",148,348,379,87,52,20,1,14,46,48,24,1,79,3,4,0,3,0,1,0.25,"Randal Grichuk",10243,545341
"Tomás Nido","- - -",26,88,92,22,20,0,0,2,9,4,1,0,26,0,1,2,1,0,0,0.25,"Tomas Nido",13755,621512
"Conner Capel","CIN",4,8,8,2,2,0,0,0,1,0,0,0,2,0,0,0,0,1,0,0.25,"Conner Capel",19983,668843
"Keston Hiura","- - -",8,24,27,6,5,1,0,0,4,1,0,0,7,3,0,0,0,0,1,0.25,"Keston Hiura",20003,669374
"Alex Kirilloff","MIN",30,80,90,20,10,7,1,2,13,12,7,0,22,0,3,0,2,0,0,0.25,"Alex Kirilloff",20325,666135
"Logan Porter","- - -",4,8,11,2,1,1,0,0,2,1,2,0,2,1,0,0,0,0,0,0.25,"Logan Porter",20626,682515
"Bryan Torres","STL",14,28,30,7,4,0,1,2,4,4,2,0,3,0,0,0,0,0,0,0.25,"Bryan Torres",21464,663494
"Miguel Amaya","CHC",91,284,319,71,43,20,1,7,37,47,20,0,57,9,1,4,4,0,0,0.25,"Miguel Amaya",21693,665804
"José Fermín","STL",68,152,166,38,27,9,0,2,14,16,12,0,22,1,0,1,4,2,3,0.25,"Jose Fermin",21746,665877
"Freddy Fermin","- - -",133,436,479,109,82,19,0,8,49,36,36,1,85,2,2,3,10,1,2,0.25,"Freddy Fermin",21840,666023
"Luis Campusano","SDP",58,180,204,45,27,13,0,5,31,25,21,0,38,2,1,0,6,0,0,0.25,"Luis Campusano",22217,669134
"Kerry Carpenter","DET",145,460,505,115,65,23,5,22,57,66,26,0,124,11,3,0,2,0,2,0.25,"Kerry Carpenter",25961,681481
"Elly De La Cruz","CIN",201,804,893,201,121,36,13,31,127,102,78,6,271,6,4,1,14,59,8,0.25,"Elly De La Cruz",26668,682829
"Garrett Mitchell","MIL",90,292,335,73,42,21,3,7,44,37,40,0,106,2,0,1,1,7,4,0.25,"Garrett Mitchell",27555,669003
"Denzer Guzman","LAA",22,80,86,20,12,2,0,6,12,10,5,0,30,0,0,0,0,0,1,0.25,"Denzer Guzman",28816,694203
"Ben Malgeri","DET",5,12,13,3,2,1,0,0,0,2,1,0,2,0,0,0,0,0,0,0.25,"Ben Malgeri",29577,701162
"Brooks Baldwin","CHW",80,240,265,60,38,14,0,8,29,29,21,0,69,0,0,4,3,5,0,0.25,"Brooks Baldwin",31394,681460
"Collin Price","HOU",3,8,8,2,1,1,0,0,1,0,0,0,4,0,0,0,0,0,0,0.25,"Collin Price",31415,805672
"Charles McAdoo","TOR",4,12,12,3,2,0,0,1,2,3,0,0,2,0,0,0,1,0,0,0.25,"Charles McAdoo",33323,807727
"Rikuu Nishida","CHW",5,12,12,3,3,0,0,0,2,0,0,0,2,0,0,0,0,0,0,0.25,"Rikuu Nishida",33795,807747
"Joey Ortiz","MIL",182,593,666,148,111,25,4,8,78,62,57,0,112,5,5,6,19,16,9,0.249578414,"Joey Ortiz",25493,687401
"TJ Friedl","CIN",149,553,647,138,100,17,2,19,68,67,63,0,100,19,6,6,5,15,2,0.24954792,"TJ Friedl",19522,670770
"Noelvi Marte","CIN",96,365,387,91,56,21,1,13,45,50,17,0,98,4,1,0,4,15,5,0.249315068,"Noelvi Marte",26517,682622
"Jeremiah Jackson","BAL",56,189,203,47,35,8,0,4,24,25,10,0,52,2,1,1,10,2,3,0.248677248,"Jeremiah Jackson",22239,669236
"Mark Vientos","NYM",154,568,614,141,84,29,2,26,69,82,34,0,161,5,7,0,16,1,0,0.248239436,"Mark Vientos",22184,668901
"Josh Jung","TEX",131,504,542,125,82,29,1,13,47,54,30,0,118,5,3,0,9,5,1,0.248015873,"Josh Jung",26299,673962
"Zach Neto","LAA",189,746,831,185,98,45,2,40,120,104,67,2,219,13,2,3,13,33,15,0.247989276,"Zach Neto",31347,687263
"Vinnie Pasquantino","KCR",177,698,765,173,104,35,1,33,83,115,50,3,121,9,8,0,10,2,0,0.247851002,"Vinnie Pasquantino",27676,686469
"JJ Bleday","- - -",163,577,650,143,82,37,2,22,83,61,69,0,159,1,1,1,12,6,4,0.247833622,"JJ Bleday",26368,668709
"Joey Loperfido","- - -",80,226,252,56,39,9,2,6,28,25,18,1,74,5,1,1,4,3,4,0.24778761,"Joey Loperfido",29630,694388
"Nasim Nuñez","WSN",81,214,250,53,44,6,0,3,39,21,29,0,59,1,0,6,4,27,2,0.247663551,"Nasim Nunez",25979,683083
"A.J. Ewing","NYM",29,101,112,25,20,4,0,1,7,8,8,0,34,1,1,1,0,5,3,0.247524752,"A.J. Ewing",33656,805999
"Konnor Griffin","PIT",26,101,111,25,20,3,0,2,15,9,7,0,35,2,1,0,0,13,0,0.247524752,"Konnor Griffin",35376,804606
"Jerar Encarnacion","SFG",34,97,100,24,14,5,0,5,11,15,3,0,32,0,0,0,3,0,0,0.24742268,"Jerar Encarnacion",21871,666464
"Joey Wiemer","- - -",35,89,102,22,14,4,1,3,13,16,10,1,39,2,1,0,1,0,0,0.247191011,"Joey Wiemer",27690,686894
"Braxton Fulford","COL",37,89,101,22,16,4,1,1,11,13,7,0,34,2,3,0,0,2,0,0.247191011,"Braxton Fulford",29704,690924
"Dominic Smith","- - -",115,348,385,86,56,23,1,6,44,42,29,1,71,5,2,1,10,1,1,0.247126436,"Dominic Smith",15653,642086
"Kyle Karros","COL",73,235,266,58,41,11,1,5,33,24,27,2,62,3,1,0,3,2,0,0.24680851,"Kyle Karros",33252,691720
"Jasson Domínguez","NYY",91,312,340,77,50,14,1,12,43,38,22,0,95,3,3,0,2,22,3,0.246794871,"Jasson Dominguez",28080,691176
"Ceddanne Rafaela","BOS",194,738,784,182,115,37,10,20,107,91,32,1,177,7,4,3,16,31,11,0.246612466,"Ceddanne Rafaela",24262,678882
"Javier Báez","DET",111,394,412,97,68,18,3,8,46,55,7,0,107,7,4,0,11,8,1,0.246192893,"Javier Baez",12979,595879
"Travis Bazzana","CLE",34,126,146,31,19,5,1,6,19,19,16,0,29,2,2,0,1,7,2,0.246031746,"Travis Bazzana",34967,683953
"Carson Benge","NYM",49,187,202,46,29,7,2,8,27,22,14,0,45,0,1,0,2,7,0,0.245989304,"Carson Benge",35177,701807
"Harrison Bader","- - -",149,476,520,117,69,30,0,18,61,69,28,0,129,9,7,0,6,15,7,0.245798319,"Harrison Bader",18030,664056
"Abraham Toro","- - -",82,297,322,73,52,13,1,7,33,19,16,2,51,6,1,2,1,2,2,0.245791245,"Abraham Toro",19844,647351
"George Springer","TOR",167,635,720,156,97,28,4,27,88,74,68,2,125,9,6,0,21,21,1,0.245669291,"George Springer",12856,543807
"Rafael Devers","- - -",199,774,890,190,104,43,3,40,114,109,103,16,248,7,6,0,13,3,0,0.245478036,"Rafael Devers",17350,646240
"Kevin Newman","- - -",71,216,230,53,40,9,1,3,30,18,10,1,40,0,0,4,7,2,1,0.24537037,"Kevin Newman",17696,621028
"Jake Cave","COL",57,159,169,39,27,7,2,3,20,16,7,0,56,1,2,0,3,3,1,0.245283018,"Jake Cave",14477,595909
"Dustin Harris","- - -",20,53,59,13,8,2,1,2,8,8,3,0,10,1,1,1,1,2,0,0.245283018,"Dustin Harris",25705,687957
"Emmanuel Rivera","- - -",71,208,229,51,35,10,1,5,16,25,16,0,51,4,1,0,8,2,0,0.245192307,"Emmanuel Rivera",19890,656896
"Drew Gilbert","SFG",53,155,172,38,25,6,2,5,19,17,13,0,32,2,1,1,4,0,3,0.24516129,"Drew Gilbert",31545,687551
"Bryce Harper","PHI",189,722,830,177,98,46,0,33,96,104,98,13,193,5,5,0,17,14,7,0.245152354,"Bryce Harper",11579,547180
"Josh Naylor","- - -",193,743,819,182,124,28,1,29,90,98,65,6,132,8,2,0,21,27,6,0.244952893,"Josh Naylor",18839,647304
"Austin Martin","MIN",95,282,328,69,51,16,0,2,46,22,40,0,57,4,0,2,6,16,7,0.244680851,"Austin Martin",27462,668885
"Francisco Lindor","NYM",180,736,827,180,103,40,1,36,111,99,65,0,154,21,5,0,11,34,8,0.244565217,"Francisco Lindor",12916,596019
"Cody Bellinger","- - -",190,761,849,186,126,31,5,24,100,108,78,7,135,4,6,0,12,19,5,0.244415243,"Cody Bellinger",15998,641355
"José Caballero","- - -",174,536,592,131,89,27,0,15,71,57,41,0,157,6,3,6,10,54,17,0.244402985,"Jose Caballero",23401,676609
"Pavin Smith","ARI",81,221,261,54,28,15,0,11,33,35,38,0,69,0,2,0,2,3,2,0.244343891,"Pavin Smith",19892,656976
"J.P. Crawford","SEA",171,655,755,160,118,24,2,16,83,65,86,0,144,9,2,3,11,6,2,0.244274809,"J.P. Crawford",15491,641487
"Ozzie Albies","ATL",181,721,801,176,114,39,0,23,100,97,65,2,110,5,10,0,9,12,4,0.244105409,"Ozzie Albies",16556,645277
"Weston Wilson","- - -",56,127,143,31,17,9,0,5,17,21,12,0,42,3,1,0,1,3,3,0.244094488,"Weston Wilson",19358,642215
"Blaze Alexander","- - -",92,291,321,71,44,17,1,9,38,32,22,0,94,5,1,2,7,12,2,0.243986254,"Blaze Alexander",23789,677942
"Sterlin Thompson","COL",13,41,47,10,4,4,0,2,6,5,5,0,12,1,0,0,2,0,0,0.243902439,"Sterlin Thompson",31443,694514
"Ty France","- - -",175,603,671,147,92,36,1,18,67,75,34,1,135,28,5,0,16,0,1,0.243781094,"Ty France",17982,664034
"Hunter Goodman","COL",154,547,587,133,68,25,2,38,66,86,32,2,180,5,3,0,13,4,4,0.243144424,"Hunter Goodman",29715,696100
"Jose Iglesias","- - -",103,325,358,79,65,11,1,2,31,26,19,1,54,10,3,1,6,7,3,0.243076923,"Jose Iglesias",10231,578428
"Agustín Ramírez","MIA",84,346,376,84,46,22,1,15,55,43,21,2,71,6,3,0,9,7,0,0.242774566,"Agustin Ramirez",26546,682663
"J.T. Realmuto","PHI",148,552,606,134,87,32,1,14,58,65,39,1,144,11,4,0,12,5,3,0.242753623,"J.T. Realmuto",11739,592663
"Austin Barnes","LAD",36,103,114,25,21,4,0,0,8,4,9,0,28,0,0,2,2,1,0,0.242718446,"Austin Barnes",12158,605131
"Pete Crow-Armstrong","CHC",192,709,788,172,96,38,6,32,106,104,51,3,183,13,10,5,3,41,6,0.242595204,"Pete Crow-Armstrong",27769,691718
"Thomas Saggese","STL",60,202,216,49,34,13,0,2,19,19,9,0,67,2,2,1,3,2,1,0.242574257,"Thomas Saggese",27883,695336
"Alex Verdugo","- - -",97,367,407,89,64,18,1,6,50,38,31,0,61,1,7,1,9,0,1,0.242506811,"Alex Verdugo",17027,657077
"Santiago Espinal","- - -",120,367,397,89,72,14,0,3,30,32,23,0,58,1,3,3,12,5,1,0.242506811,"Santiago Espinal",19997,669289
"Anthony Volpe","NYY",180,689,758,167,108,37,8,14,98,79,57,0,190,4,6,2,13,29,6,0.242380261,"Anthony Volpe",27647,683011
"Nick Fortes","- - -",132,380,414,92,70,16,0,6,36,36,15,0,61,9,4,6,7,1,1,0.242105263,"Nick Fortes",21538,663743
"Bryan Reynolds","PIT",203,806,891,195,130,37,3,25,80,102,71,2,234,11,3,0,14,14,2,0.241935483,"Bryan Reynolds",19326,668804
"Cole Young","SEA",87,306,336,74,53,11,1,9,37,39,20,1,56,6,4,0,5,2,0,0.241830065,"Cole Young",31680,702284
"Kyle Schwarber","PHI",204,782,931,189,108,25,2,54,123,138,134,3,286,9,6,0,3,12,4,0.241687979,"Kyle Schwarber",16478,656941
"Ezequiel Duran","TEX",140,418,452,101,74,20,1,6,39,35,25,0,108,5,3,1,4,10,3,0.241626794,"Ezequiel Duran",23733,677649
"Giancarlo Stanton","NYY",101,356,399,86,52,13,0,21,42,60,40,5,125,1,1,0,13,0,0,0.241573033,"Giancarlo Stanton",4949,519317
"Jose Fernandez","ARI",25,87,93,21,15,6,0,0,11,7,3,0,20,1,0,2,0,3,1,0.24137931,"Jose Fernandez",28020,699912
"Jazz Chisholm Jr.","- - -",177,663,739,160,96,27,3,34,91,90,66,2,200,4,5,1,9,47,6,0.2413273,"Jazz Chisholm Jr.",20454,665862
"Josh Bell","- - -",191,688,777,166,104,26,1,35,88,106,76,1,147,7,4,0,21,0,3,0.241279069,"Josh Bell",13145,605137
"Max Schuemann","- - -",122,336,392,81,57,16,2,6,54,26,42,0,95,8,4,2,9,15,3,0.241071428,"Max Schuemann",24488,680474
"Ha-Seong Kim","- - -",97,336,386,81,53,16,1,11,47,44,42,2,71,2,3,3,5,17,6,0.241071428,"Ha-Seong Kim",27506,673490
"Caleb Durbin","- - -",112,390,434,94,63,20,1,10,55,49,28,0,55,13,2,1,9,20,4,0.241025641,"Caleb Durbin",29646,702332
"Connor Norby","- - -",105,386,426,93,62,19,1,11,52,41,30,0,120,5,5,0,5,8,6,0.240932642,"Connor Norby",29592,681393
"Tyler Heineman","- - -",51,137,161,33,27,4,1,1,16,10,11,0,28,6,0,7,1,1,0,0.240875912,"Tyler Heineman",13897,623168
"Michael Massey","KCR",123,411,437,99,68,18,0,13,45,48,21,0,77,1,2,2,7,4,0,0.240875912,"Michael Massey",27684,686681
"Jordan Walker","STL",127,461,505,111,69,23,2,17,60,81,37,1,149,2,5,0,7,12,4,0.240780911,"Jordan Walker",27475,691023
"Marcus Semien","- - -",188,740,818,178,123,27,3,25,101,93,66,0,132,4,7,1,18,8,5,0.24054054,"Marcus Semien",12533,543760
"Luis Torrens","NYM",94,287,312,69,39,23,0,7,32,36,21,0,61,2,1,1,6,1,1,0.240418118,"Luis Torrens",15905,620443
"Matt Vierling","DET",116,416,452,100,65,23,6,6,49,36,33,0,92,1,2,0,5,4,2,0.240384615,"Matt Vierling",21558,663837
"Ryan Jeffers","MIN",143,508,576,122,71,32,0,19,62,69,51,0,126,15,1,1,15,3,1,0.24015748,"Ryan Jeffers",24618,680777
"Elias Díaz","- - -",107,329,355,79,54,15,0,10,33,35,18,1,88,3,1,4,13,0,0,0.24012158,"Elias Diaz",11680,553869
"Luis Rengifo","- - -",135,496,525,119,89,20,3,7,53,41,25,0,90,2,1,1,8,16,10,0.239919354,"Luis Rengifo",19858,650859
"Zach Dezenzo","HOU",41,121,132,29,19,6,0,4,22,13,11,0,43,0,0,0,5,2,0,0.239669421,"Zach Dezenzo",31562,701305
"Kyle Farmer","- - -",105,263,293,63,40,16,1,6,30,34,20,1,58,6,4,0,7,2,2,0.239543726,"Kyle Farmer",14813,571657
"Willy Adames","- - -",209,806,913,193,111,38,0,44,123,126,95,2,243,5,6,0,13,16,5,0.239454094,"Willy Adames",15986,642715
"Jake Cronenworth","SDP",168,590,689,141,98,27,1,15,69,86,69,0,135,18,6,4,13,7,4,0.23898305,"Jake Cronenworth",18036,630105
"Drew Waters","KCR",35,113,121,27,24,3,0,0,11,5,7,0,32,1,0,0,0,2,2,0.238938053,"Drew Waters",20505,671221
"Pete Alonso","- - -",209,812,921,194,105,46,0,43,114,123,88,3,235,14,7,0,28,5,1,0.238916256,"Pete Alonso",19251,624413
"Michael Helman","- - -",26,67,76,16,9,5,1,1,10,8,4,0,15,2,1,2,0,3,0,0.23880597,"Michael Helman",24605,680737
"Daniel Susac","SFG",21,67,75,16,12,4,0,0,2,8,3,0,19,2,2,1,2,0,1,0.23880597,"Daniel Susac",31441,691740
"CJ Kayfus","CLE",23,67,79,16,8,5,1,2,10,10,9,0,24,1,1,1,0,1,0,0.23880597,"CJ Kayfus",33704,692216
"Eugenio Suárez","- - -",189,712,788,170,88,48,0,34,97,111,54,0,236,14,8,0,10,3,1,0.238764044,"Eugenio Suarez",12552,553993
"Mark Canha","- - -",84,264,297,63,46,12,0,5,24,20,26,2,66,6,1,0,4,3,0,0.238636363,"Mark Canha",11445,592192
"Matt Shaw","CHC",94,285,318,68,34,23,1,10,43,36,27,0,64,3,2,1,1,10,3,0.238596491,"Matt Shaw",33322,807713
"Thairo Estrada","- - -",68,260,278,62,40,13,1,8,31,38,9,0,57,7,2,0,6,3,3,0.238461538,"Thairo Estrada",16426,642731
"Jesse Winker","- - -",93,281,325,67,46,14,0,7,35,35,35,0,74,5,3,1,8,9,1,0.238434163,"Jesse Winker",13590,608385
"Salvador Perez","KCR",202,789,855,188,107,42,0,39,73,127,40,5,164,14,9,0,21,0,0,0.238276299,"Salvador Perez",7304,521692
"Colson Montgomery","CHW",85,319,358,76,33,16,1,26,48,70,33,3,118,4,1,0,2,0,1,0.238244514,"Colson Montgomery",29712,695657
"Oscar Gonzalez","SDP",14,42,44,10,9,1,0,0,1,3,2,0,8,0,0,0,0,0,1,0.238095238,"Oscar Gonzalez",20970,660757
"Joe Mack","MIA",27,84,94,20,13,1,0,6,13,15,7,0,25,1,0,2,3,0,0,0.238095238,"Joe Mack",29780,691788
"Jarren Duran","BOS",207,857,953,204,120,40,16,28,127,113,74,1,249,14,5,3,9,50,6,0.238039673,"Jarren Duran",24617,680776
"Nick Castellanos","- - -",165,626,672,149,95,30,4,20,78,74,32,1,161,9,5,0,14,5,1,0.238019169,"Nick Castellanos",11737,592206
"Jacob Young","WSN",171,555,617,132,97,26,4,5,86,50,38,0,109,13,2,9,14,39,16,0.237837837,"Jacob Young",29931,696285
"Bryson Stott","PHI",194,694,774,165,108,37,5,15,86,87,66,1,126,3,9,2,11,33,2,0.237752161,"Bryson Stott",26294,681082
"Josh Smith","TEX",170,606,689,144,105,28,2,9,68,52,59,1,129,19,1,3,6,11,6,0.237623762,"Josh Smith",26396,669701
"Nacho Alvarez Jr.","ATL",29,101,112,24,19,3,0,2,12,12,5,0,25,4,0,2,1,0,0,0.237623762,"Nacho Alvarez Jr.",31765,805373
"Kyle Higashioka","- - -",117,379,414,90,59,13,2,16,40,62,31,0,93,2,1,1,5,4,0,0.237467018,"Kyle Higashioka",5517,543309
"Myles Straw","- - -",92,215,242,51,41,7,0,3,33,22,17,0,39,1,1,8,3,10,2,0.237209302,"Myles Straw",17620,664702
"Trevor Story","BOS",117,468,504,111,71,21,0,19,63,68,28,2,143,7,0,1,2,18,1,0.237179487,"Trevor Story",12564,596115
"Cal Raleigh","SEA",189,721,834,171,85,27,0,59,116,134,102,12,233,5,6,0,9,11,5,0.237170596,"Cal Raleigh",21534,663728
"Eric Wagaman","- - -",84,287,313,68,49,13,3,3,30,37,23,0,72,0,3,0,6,3,0,0.236933797,"Eric Wagaman",23395,676572
"Ramón Urías","- - -",118,359,404,85,55,20,0,10,47,42,35,0,75,6,4,0,6,1,0,0.236768802,"Ramon Urias",18795,602104
"Willie Calhoun","LAA",31,110,121,26,19,7,0,0,13,5,9,0,13,1,1,0,1,0,0,0.236363636,"Willie Calhoun",17838,641432
"Trey Cabbage","HOU",21,55,56,13,8,5,0,0,5,5,1,0,21,0,0,0,1,1,1,0.236363636,"Trey Cabbage",21078,663550
"Anthony Rendon","LAA",34,127,147,30,26,4,0,0,12,9,14,0,28,2,4,0,2,5,0,0.236220472,"Anthony Rendon",12861,543685
"Nick Gordon","MIA",50,144,153,34,22,8,0,4,15,13,6,0,38,1,2,0,2,3,4,0.236111111,"Nick Gordon",16337,624503
"Will Brennan","- - -",67,195,210,46,38,4,1,3,17,13,11,1,27,3,1,0,8,4,1,0.235897435,"Will Brennan",25660,686823
"Alexander Canario","- - -",40,106,115,25,19,2,0,4,13,12,9,0,37,0,0,0,2,1,1,0.235849056,"Alexander Canario",22842,672744
"Javier Sanoja","MIA",103,297,319,70,41,23,3,3,31,34,16,0,35,1,4,1,5,4,5,0.235690235,"Javier Sanoja",28253,691594
"Avisaíl García","MIA",6,17,17,4,4,0,0,0,0,0,0,0,4,0,0,0,1,0,0,0.235294117,"Avisail Garcia",5760,541645
"Billy McKinney","- - -",6,17,17,4,4,0,0,0,3,0,0,0,3,0,0,0,0,0,0,0.235294117,"Billy McKinney",15654,641856
"Raynel Delgado","HOU",6,17,19,4,3,0,0,1,1,2,1,0,3,0,0,1,0,0,0,0.235294117,"Raynel Delgado",22272,669384
"Jordyn Adams","- - -",8,17,17,4,3,0,0,1,2,2,0,0,5,0,0,0,0,1,0,0.235294117,"Jordyn Adams",23788,677941
"Jace Jung","DET",28,68,76,16,12,4,0,0,13,3,8,0,26,0,0,0,3,0,0,0.235294117,"Jace Jung",31437,690291
"Andrew McCutchen","- - -",148,515,584,121,81,19,0,21,62,64,62,0,142,4,2,0,5,2,1,0.234951456,"Andrew McCutchen",9847,457705
"Matt Chapman","SFG",181,674,779,158,91,34,2,31,110,97,93,2,205,6,6,0,16,12,1,0.234421364,"Matt Chapman",16505,656305
"Drew Millas","WSN",45,128,145,30,25,4,0,1,17,8,13,0,31,1,0,2,1,3,0,0.234375,"Drew Millas",25643,686452
"Jorge Polanco","- - -",135,483,534,113,74,19,0,20,56,59,47,1,109,2,2,0,16,2,4,0.233954451,"Jorge Polanco",13152,593871
"Garrett Hampson","- - -",76,171,192,40,31,8,1,0,20,9,19,0,49,0,0,2,2,9,2,0.233918128,"Garrett Hampson",19262,641658
"Dylan Beavers","BAL",39,124,148,29,19,7,1,2,13,15,22,0,36,1,1,0,0,4,2,0.233870967,"Dylan Beavers",31695,687637
"Austin Slater","- - -",85,184,220,43,32,8,1,2,27,11,32,0,71,2,2,0,5,3,1,0.233695652,"Austin Slater",16153,596103
"Connor Joe","- - -",83,236,271,55,37,15,0,3,29,21,28,1,55,5,2,0,5,3,2,0.233050847,"Connor Joe",16572,656582
"Wenceel Pérez","DET",125,442,485,103,66,19,4,14,63,48,37,0,110,2,4,0,6,6,4,0.233031674,"Wenceel Perez",22857,672761
"Anthony Santander","- - -",102,400,444,93,48,15,1,29,48,66,40,1,96,3,1,0,7,2,0,0.2325,"Anthony Santander",14551,623993
"Josh Lowe","- - -",143,512,557,119,73,24,2,20,64,63,39,3,156,1,5,0,4,17,3,0.232421875,"Josh Lowe",19953,666139
"Edgar Quero","CHW",89,284,317,66,57,6,0,3,17,24,28,0,61,1,3,1,9,0,1,0.232394366,"Edgar Quero",28022,700337
"Alejandro Osuna","TEX",55,155,174,36,30,5,0,1,14,17,14,0,27,3,2,0,2,5,1,0.232258064,"Alejandro Osuna",27915,696030
"Curtis Mead","- - -",91,293,324,68,46,15,1,6,36,25,23,0,68,6,1,0,7,7,2,0.232081911,"Curtis Mead",23986,678554
"Tommy Pham","- - -",117,431,474,100,71,14,2,13,45,39,40,1,109,2,1,0,8,9,4,0.232018561,"Tommy Pham",2967,502054
"Tyler O'Neill","- - -",112,375,435,87,54,12,1,20,58,38,51,4,105,7,2,0,7,7,0,0.232,"Tyler O'Neill",15711,641933
"Griffin Conine","MIA",43,125,142,29,18,4,1,6,18,21,14,0,47,3,0,0,1,0,0,0.232,"Griffin Conine",21626,665052
"Lars Nootbaar","STL",138,513,585,119,79,24,2,14,54,54,66,3,127,2,3,1,12,7,5,0.23196881,"Lars Nootbaar",21454,663457
"Carter Jensen","KCR",56,194,220,45,29,7,0,9,24,31,23,1,64,0,3,0,1,1,0,0.231958762,"Carter Jensen",29478,695600
"Zack Gelof","OAK",106,384,419,89,51,20,3,15,53,45,30,0,138,2,2,1,3,15,4,0.231770833,"Zack Gelof",29766,680869
"Ali Sánchez","- - -",29,82,92,19,14,5,0,0,7,7,5,0,22,2,2,1,1,2,1,0.231707317,"Ali Sanchez",18551,645305
"Brandon Valenzuela","TOR",26,82,89,19,15,2,0,2,5,6,6,0,22,0,0,1,0,0,0,0.231707317,"Brandon Valenzuela",23813,678218
"Dansby Swanson","CHC",203,760,831,176,108,38,5,25,111,98,62,1,218,2,6,1,12,25,2,0.231578947,"Dansby Swanson",18314,621020
"Andy Pages","LAD",187,717,780,166,111,30,2,23,97,89,47,0,195,8,8,0,15,12,8,0.231520223,"Andy Pages",24816,681624
"Kyle Isbel","KCR",153,458,502,106,77,21,3,5,53,35,25,0,101,6,2,11,6,11,0,0.231441048,"Kyle Isbel",21614,664728
"Andrés Giménez","- - -",168,601,663,139,103,25,2,9,58,65,37,1,116,16,7,2,12,32,4,0.231281198,"Andres Gimenez",19950,665926
"Justin Turner","- - -",110,320,369,74,56,12,0,6,32,38,37,1,61,6,6,0,9,0,0,0.23125,"Justin Turner",5235,457759
"Wilmer Flores","SFG",95,320,355,74,48,13,0,13,34,60,26,1,59,5,4,0,13,1,0,0.23125,"Wilmer Flores",5827,527038
"Trent Grisham","NYY",149,515,597,119,72,15,3,29,90,85,75,0,138,3,3,0,10,6,1,0.231067961,"Trent Grisham",18564,663757
"Mike Trout","LAA",126,472,562,109,62,16,1,30,77,66,81,9,153,5,3,0,9,8,0,0.230932203,"Mike Trout",10155,545361
"Junior Caminero","TBR",151,602,653,139,78,21,1,39,81,87,45,1,127,1,5,0,26,3,2,0.230897009,"Junior Caminero",28163,691406
"Nick Martini","- - -",47,130,146,30,23,4,1,2,15,12,11,0,33,1,3,0,2,1,2,0.23076923,"Nick Martini",12005,605361
"Michael Conforto","- - -",174,546,620,126,64,32,1,29,79,81,66,1,159,6,2,0,14,0,1,0.23076923,"Michael Conforto",16376,624424
"Andy Ibáñez","- - -",106,234,255,54,40,10,1,3,28,29,14,0,50,2,5,0,4,3,3,0.23076923,"Andy Ibanez",18819,628451
"Eguy Rosario","SDP",12,26,28,6,4,2,0,0,1,2,1,0,6,0,0,1,1,0,0,0.23076923,"Eguy Rosario",19964,666703
"Esteury Ruiz","- - -",45,91,104,21,13,4,0,4,12,7,8,0,32,3,0,2,0,9,5,0.23076923,"Esteury Ruiz",21780,665923
"Orlando Arcia","- - -",121,425,452,98,65,19,1,13,39,32,21,0,101,1,4,1,11,1,1,0.230588235,"Orlando Arcia",13185,606115
"Spencer Steer","CIN",193,707,791,163,97,38,5,23,90,105,72,0,174,9,2,0,11,18,4,0.230551626,"Spencer Steer",26323,668715
"Brooks Lee","MIN",138,500,544,115,77,20,1,17,56,60,33,0,101,5,5,1,10,7,3,0.23,"Brooks Lee",31595,686797
"Mickey Moniak","- - -",152,483,510,111,69,20,5,17,46,55,22,0,133,3,2,0,5,10,4,0.229813664,"Mickey Moniak",19956,666160
"Jakob Marsee","MIA",74,279,317,64,40,16,2,6,42,27,32,0,75,5,0,1,3,15,10,0.229390681,"Jakob Marsee",31370,805300
"Korey Lee","CHW",68,218,229,50,30,14,1,5,28,25,10,0,72,0,0,1,8,5,2,0.229357798,"Korey Lee",25543,686676
"Jason Heyward","- - -",55,157,174,36,23,7,2,4,19,25,10,0,33,1,5,0,3,3,1,0.229299363,"Jason Heyward",4940,518792
"Dylan Moore","- - -",135,349,408,80,41,23,1,15,65,48,41,0,105,11,6,1,5,27,7,0.229226361,"Dylan Moore",18042,664238
"Nolan Arenado","- - -",172,659,727,151,101,30,0,20,76,70,49,5,120,9,9,0,13,5,1,0.229135053,"Nolan Arenado",9777,571448
"Adam Frazier","- - -",145,406,448,93,68,17,1,7,53,40,29,0,100,9,2,2,3,6,3,0.229064039,"Adam Frazier",15223,624428
"Tyrone Taylor","NYM",143,402,432,92,49,30,3,10,54,41,16,0,96,8,1,5,4,9,2,0.228855721,"Tyrone Taylor",13675,621438
"Carlos Santana","- - -",141,520,577,119,75,24,0,20,67,70,48,2,99,6,3,0,7,7,0,0.228846153,"Carlos Santana",2396,467793
"Tommy Edman","LAD",70,271,296,62,43,8,2,9,36,44,17,0,54,5,3,0,4,1,1,0.228782287,"Tommy Edman",19470,669242
"Jonatan Clase","- - -",36,105,114,24,18,3,0,3,10,12,7,0,29,1,0,1,2,2,2,0.228571428,"Jonatan Clase",26599,682729
"Tim Tawa","ARI",57,162,185,37,24,8,0,5,27,16,17,0,53,1,2,3,4,6,4,0.228395061,"Tim Tawa",29571,694374
"Braden Montgomery","CHW",16,57,63,13,7,5,1,0,6,5,6,0,12,0,0,0,1,1,0,0.228070175,"Braden Montgomery",35423,695731
"Ben Rortvedt","- - -",74,215,240,49,35,11,0,3,19,20,21,0,64,2,0,2,4,1,0,0.227906976,"Ben Rortvedt",20287,666163
"Tyler Freeman","- - -",148,492,561,112,86,17,1,8,51,37,35,1,81,24,4,6,25,11,11,0.227642276,"Tyler Freeman",22532,671289
"José Tena","- - -",76,220,243,50,36,11,1,2,27,20,21,0,68,1,1,0,5,3,1,0.227272727,"Jose Tena",23691,677588
"Ronny Mauricio","NYM",38,110,120,25,16,4,0,5,10,8,10,1,38,0,0,0,4,2,0,0.227272727,"Ronny Mauricio",23698,677595
"Tyler Black","MIL",18,44,54,10,7,3,0,0,2,3,10,0,14,0,0,0,0,3,1,0.227272727,"Tyler Black",29949,672012
"Brett Wisely","SFG",49,141,158,32,23,6,0,3,17,18,10,0,28,1,2,4,1,3,2,0.226950354,"Brett Wisely",27735,689172
"Luisangel Acuña","- - -",80,194,211,44,37,6,0,1,27,12,10,0,39,3,3,1,6,16,3,0.226804123,"Luisangel Acuna",26548,682668
"Cam Smith","HOU",115,397,431,90,57,19,3,11,48,48,27,0,117,3,4,0,10,7,2,0.226700251,"Cam Smith",35108,701358
"Trey Sweeney","DET",74,225,243,51,37,7,0,7,27,31,14,0,66,0,4,0,0,4,1,0.226666666,"Trey Sweeney",29575,700242
"DJ LeMahieu","NYY",59,181,205,41,35,5,0,1,17,21,19,0,40,1,3,1,8,0,0,0.226519337,"DJ LeMahieu",9874,518934
"Jo Adell","LAA",189,667,731,151,91,22,2,36,82,116,46,0,189,11,5,0,15,19,5,0.226386806,"Jo Adell",20220,666176
"Miguel Vargas","- - -",152,539,624,122,65,33,2,22,81,68,68,1,117,10,6,0,8,13,2,0.226345083,"Miguel Vargas",20178,678246
"Jesús Sánchez","- - -",181,619,673,140,94,31,0,15,69,59,47,1,171,3,4,0,18,17,5,0.226171243,"Jesus Sanchez",19913,660821
"Michael A. Taylor","- - -",100,283,312,64,36,20,1,7,32,34,21,0,111,1,4,3,6,8,2,0.226148409,"Michael A. Taylor",11489,572191
"John Rave","KCR",33,93,102,21,12,4,1,4,13,10,7,0,23,1,0,1,1,5,0,0.225806451,"John Rave",26284,670231
"Jhostynxon Garcia","- - -",10,31,35,7,5,2,0,0,1,2,3,0,11,1,0,0,0,0,0,0.225806451,"Jhostynxon Garcia",28142,691373
"Logan O'Hoppe","LAA",160,572,621,129,88,19,2,20,60,57,39,0,177,8,0,2,13,2,1,0.225524475,"Logan O'Hoppe",24729,681351
"Ryan Vilade","- - -",39,102,114,23,17,3,0,3,10,16,9,0,26,1,2,0,3,1,0,0.225490196,"Ryan Vilade",22165,668723
"Moisés Ballesteros","CHC",35,102,111,23,15,4,0,4,9,16,8,0,27,0,1,0,1,1,0,0.225490196,"Moises Ballesteros",28820,694208
"Lane Thomas","- - -",134,448,506,101,64,23,2,12,51,63,45,0,134,6,7,0,8,21,10,0.225446428,"Lane Thomas",16939,657041
"Ian Happ","CHC",200,772,892,174,101,42,0,31,111,108,109,3,244,7,4,0,15,10,3,0.225388601,"Ian Happ",17919,664023
"Kyle Manzardo","CLE",145,462,518,104,58,26,1,19,47,54,43,1,126,8,5,0,11,2,0,0.225108225,"Kyle Manzardo",29794,700932
"Paul DeJong","- - -",94,311,345,70,46,7,0,17,38,39,22,0,108,7,5,0,4,4,2,0.225080385,"Paul DeJong",18015,657557
"Alek Thomas","ARI",97,311,336,70,45,18,1,6,31,34,17,0,88,3,1,4,1,10,1,0.225080385,"Alek Thomas",23792,677950
"Brandon Crawford","STL",14,40,45,9,5,3,0,1,5,2,4,0,16,1,0,0,0,0,0,0.225,"Brandon Crawford",5343,543063
"Kyle Teel","CHW",45,160,184,36,22,8,0,6,24,22,19,0,58,4,1,0,0,2,0,0.225,"Kyle Teel",33549,691019
"Yoán Moncada","- - -",68,196,234,44,30,7,1,6,25,21,32,1,67,4,2,0,7,1,0,0.224489795,"Yoan Moncada",17232,660162
"Adolis García","- - -",176,664,723,149,96,25,1,27,75,85,39,1,188,11,9,0,10,10,3,0.22439759,"Adolis Garcia",19287,666969
"Corbin Carroll","ARI",195,771,885,173,96,32,13,32,137,90,92,3,204,11,8,3,6,34,8,0.224383916,"Corbin Carroll",25878,682998
"Whit Merrifield","- - -",46,156,180,35,28,5,0,2,24,9,21,0,27,1,0,2,5,14,3,0.224358974,"Whit Merrifield",11281,593160
"Austin Riley","ATL",166,647,714,145,92,27,4,22,83,77,56,0,205,8,3,0,12,3,1,0.224111282,"Austin Riley",18360,663586
"David Fry","CLE",132,326,368,73,43,14,1,15,35,45,32,2,91,6,2,0,13,3,1,0.22392638,"David Fry",24934,681807
"Justin Crawford","PHI",44,134,144,30,23,5,1,1,11,8,9,0,31,0,0,1,0,8,1,0.223880597,"Justin Crawford",31791,702222
"Keibert Ruiz","WSN",123,447,476,100,67,23,0,10,46,54,20,0,56,4,5,0,12,2,3,0.223713646,"Keibert Ruiz",19610,660688
"Kyle McCann","OAK",25,76,80,17,14,1,0,2,4,6,3,0,35,1,0,0,1,0,0,0.22368421,"Kyle McCann",25575,668832
"Jhonny Pereda","- - -",28,85,90,19,18,1,0,0,5,3,5,0,19,0,0,0,0,0,0,0.223529411,"Jhonny Pereda",19802,640902
"Ezequiel Tovar","COL",177,689,735,154,89,41,3,21,74,67,29,0,194,6,8,3,12,9,4,0.223512336,"Ezequiel Tovar",24064,678662
"Willi Castro","- - -",176,622,703,139,88,27,5,19,95,64,58,0,187,20,1,2,14,14,10,0.223472668,"Willi Castro",17338,650489
"Daulton Varsho","TOR",136,488,541,109,59,23,5,22,62,62,45,2,130,3,4,1,0,11,0,0.223360655,"Daulton Varsho",19918,662139
"J.D. Martinez","NYM",59,220,250,49,34,9,0,6,22,28,25,0,71,0,1,0,9,0,0,0.222727272,"J.D. Martinez",6184,502110
"Luis Urías","- - -",76,220,246,49,31,10,0,8,26,28,19,0,45,5,2,0,5,1,0,0.222727272,"Luis Urias",16622,649966
"Parker Meadows","DET",80,283,312,63,38,13,4,8,39,34,27,0,85,0,2,0,0,6,2,0.22261484,"Parker Meadows",23800,678009
"Jon Berti","- - -",36,81,87,18,17,1,0,0,7,1,5,0,16,1,0,0,1,8,2,0.222222222,"Jon Berti",12037,542932
"Jakson Reetz","SFG",4,9,10,2,0,1,0,1,1,1,1,0,3,0,0,0,1,0,0,0.222222222,"Jakson Reetz",17837,656883
"Christian Koss","SFG",34,99,104,22,16,5,0,1,10,6,4,0,32,1,0,0,1,2,0,0.222222222,"Christian Koss",27653,683766
"Pedro Ramírez","CHC",9,27,29,6,3,2,0,1,5,3,1,0,9,0,0,1,0,2,0,0.222222222,"Pedro Ramirez",29218,699393
"Bob Seymour","TBR",14,45,48,10,8,1,1,0,4,2,3,0,18,0,0,0,0,1,0,0.222222222,"Bob Seymour",30028,676044
"Joey Bart","- - -",98,311,349,69,51,8,0,10,28,36,33,0,98,5,0,0,10,1,1,0.221864951,"Joey Bart",21524,663698
"Jacob Stallings","- - -",62,176,198,39,23,11,0,5,14,26,14,0,43,7,0,1,9,0,0,0.221590909,"Jacob Stallings",13723,607732
"Triston Casas","BOS",50,167,192,37,29,3,0,5,14,15,25,3,55,0,0,0,7,0,0,0.221556886,"Triston Casas",22514,671213
"Leo Rivas","SEA",54,122,147,27,23,3,0,1,16,9,20,0,33,3,0,2,2,6,0,0.221311475,"Leo Rivas",21009,660844
"LaMonte Wade Jr.","- - -",99,294,343,65,46,10,0,9,35,33,45,2,88,1,1,2,1,2,1,0.221088435,"LaMonte Wade Jr.",18126,664774
"Luke Raley","SEA",146,430,484,95,61,16,1,17,50,47,29,0,145,20,2,3,4,2,2,0.220930232,"Luke Raley",19354,670042
"Luis Robert Jr.","- - -",113,430,476,95,61,19,0,15,57,47,41,3,136,2,2,0,12,31,9,0.220930232,"Luis Robert Jr.",20043,673357
"Royce Lewis","MIN",124,445,486,98,51,26,0,21,49,59,33,1,128,2,6,0,5,8,1,0.220224719,"Royce Lewis",20437,668904
"Gabriel Arias","CLE",112,386,408,85,55,17,2,11,35,43,14,0,154,3,4,1,7,9,4,0.220207253,"Gabriel Arias",22563,672356
"Enrique Hernández","LAD",105,318,350,70,42,17,0,11,39,40,26,0,83,0,5,1,7,0,0,0.220125786,"Enrique Hernandez",10472,571771
"Pablo Reyes","- - -",25,50,56,11,9,2,0,0,7,4,4,0,19,1,0,1,1,2,1,0.22,"Pablo Reyes",16357,622569
"Endy Rodríguez","PIT",31,91,107,20,14,2,0,4,9,11,16,0,28,0,0,0,1,1,1,0.219780219,"Endy Rodriguez",25332,682848
"Robert Hassell III","WSN",28,91,96,20,15,3,0,2,9,8,4,0,31,1,0,0,3,1,0,0.219780219,"Robert Hassell III",27482,690987
"Jorge Mateo","- - -",77,205,218,45,26,12,0,7,34,19,12,0,62,0,0,1,4,21,0,0.219512195,"Jorge Mateo",17273,622761
"Lawrence Butler","OAK",175,606,672,133,82,26,1,24,75,70,63,0,180,1,1,1,10,25,4,0.219471947,"Lawrence Butler",22542,671732
"Brett Baty","NYM",123,406,444,89,62,16,1,10,40,37,31,0,112,3,3,0,5,3,1,0.219211822,"Brett Baty",26123,683146
"Charlie Blackmon","COL",65,233,256,51,37,9,1,4,24,18,20,2,39,3,0,0,2,5,2,0.21888412,"Charlie Blackmon",7859,453568
"Joey Meneses","- - -",45,160,181,35,26,8,0,1,11,24,13,1,36,4,4,0,8,2,0,0.21875,"Joey Meneses",14366,608841
"Nick Maton","CHW",14,32,37,7,5,2,0,0,3,2,5,0,13,0,0,0,0,0,0,0.21875,"Nick Maton",21635,665155
"Brayan Rocchio","CLE",172,544,619,119,77,26,2,14,73,62,52,1,116,11,6,6,8,17,8,0.21875,"Brayan Rocchio",23690,677587
"Marco Luciano","SFG",11,32,33,7,5,1,1,0,4,0,1,0,15,0,0,0,0,0,0,0.21875,"Marco Luciano",25616,682617
"Leody Taveras","- - -",138,444,489,97,66,18,3,10,53,48,41,0,122,1,1,2,6,21,2,0.218468468,"Leody Taveras",18900,665750
"Grant McCray","SFG",27,87,95,19,10,3,2,4,12,10,5,0,39,0,1,2,3,4,0,0.218390804,"Grant McCray",25690,687529
"Jackson Holliday","BAL",131,458,518,100,71,12,5,12,64,38,55,0,142,5,0,0,3,13,7,0.218340611,"Jackson Holliday",31781,702616
"James McCann","- - -",59,197,213,43,28,5,0,10,23,33,10,0,60,1,4,1,4,1,0,0.218274111,"James McCann",12859,543510
"Jared Triolo","PIT",145,486,550,106,74,22,1,9,58,43,55,1,145,5,3,1,12,16,2,0.218106995,"Jared Triolo",25807,669707
"Tyler Wade","SDP",67,133,152,29,28,1,0,0,21,8,12,0,28,1,0,6,0,4,2,0.218045112,"Tyler Wade",15730,642180
"Matt Wallner","MIN",108,335,400,73,33,18,1,21,43,52,44,0,127,19,2,0,4,3,0,0.217910447,"Matt Wallner",26466,670242
"Johan Rojas","PHI",92,257,275,56,42,9,3,2,31,27,12,0,54,1,1,4,7,16,3,0.217898832,"Johan Rojas",24336,679032
"Jorge Soler","- - -",156,561,653,122,66,29,0,27,76,79,78,0,184,8,5,0,13,1,0,0.217468805,"Jorge Soler",14221,624585
"Kody Clemens","- - -",124,414,449,90,43,22,5,20,55,59,26,1,107,5,2,2,7,6,2,0.217391304,"Kody Clemens",20572,665019
"Jonah Heim","- - -",150,520,562,113,76,19,1,17,49,69,34,0,110,4,4,0,9,2,0,0.217307692,"Jonah Heim",16930,641680
"Jac Caglianone","KCR",77,267,292,58,35,11,2,10,25,24,21,0,76,4,0,0,2,2,0,0.217228464,"Jac Caglianone",35041,695506
"Rhys Hoskins","- - -",152,507,598,110,61,23,1,25,60,88,73,1,160,8,8,0,11,3,1,0.216962524,"Rhys Hoskins",16472,656555
"Pedro Pagés","STL",110,369,402,80,52,16,0,12,36,45,23,1,119,3,4,3,9,1,0,0.216802168,"Pedro Pages",25782,686780
"Billy Cook","PIT",26,60,60,13,7,2,1,3,10,8,0,0,25,0,0,0,0,2,1,0.216666666,"Billy Cook",29573,695257
"Mike Yastrzemski","- - -",185,591,665,128,76,26,6,20,87,64,65,2,170,8,1,0,7,8,3,0.216582064,"Mike Yastrzemski",14854,573262
"Jon Singleton","HOU",57,162,192,35,26,5,0,4,20,12,30,0,49,0,0,0,1,0,0,0.216049382,"Jon Singleton",10441,572138
"Leo Jiménez","- - -",57,176,201,38,26,8,0,4,21,17,12,0,55,11,2,0,9,1,0,0.21590909,"Leo Jimenez",23782,677870
"Jonathan India","- - -",159,579,678,125,85,29,1,10,79,54,70,0,149,22,5,2,16,6,1,0.215889464,"Jonathan India",21523,663697
"Angel Martínez","CLE",112,399,427,86,53,18,3,12,45,44,15,0,89,6,4,3,10,10,2,0.215538847,"Angel Martinez",26540,682657
"Mitch Garver","SEA",132,413,479,89,56,17,1,15,49,65,54,0,128,6,6,0,10,1,0,0.215496368,"Mitch Garver",15161,641598
"Max Muncy","ATH",52,181,200,39,26,5,1,7,20,18,13,0,62,5,1,0,0,3,3,0.215469613,"Max Muncy",29779,691777
"Henry Bolte","ATH",24,79,92,17,11,5,0,1,9,7,8,0,29,4,0,0,1,4,1,0.215189873,"Henry Bolte",31448,703607
"Jared Young","NYM",34,93,105,20,12,3,0,5,10,11,8,0,29,3,1,0,2,0,0,0.215053763,"Jared Young",20404,676724
"Andrew Benintendi","CHW",171,600,664,129,79,26,1,23,71,88,54,0,147,3,7,0,12,2,2,0.215,"Andrew Benintendi",17901,643217
"Christian Vázquez","- - -",115,364,393,78,62,7,0,9,31,35,22,0,73,3,2,2,9,5,1,0.214285714,"Christian Vazquez",9774,543877
"Austin Shenton","TBR",10,28,33,6,1,4,0,1,2,2,5,0,8,0,0,0,0,0,0,0.214285714,"Austin Shenton",25425,668853
"Josh Rojas","- - -",116,351,382,75,51,16,2,6,30,25,28,0,89,1,1,0,8,8,4,0.213675213,"Josh Rojas",19734,668942
"Austin Wells","NYY",151,515,573,110,62,22,2,24,61,78,43,1,146,6,9,0,13,4,3,0.213592233,"Austin Wells",27562,669224
"Jose Siri","- - -",89,267,294,57,32,14,1,10,37,31,21,0,106,2,2,2,3,9,4,0.213483146,"Jose Siri",17452,642350
"Evan Carter","TEX",107,338,385,72,46,12,3,11,54,41,36,0,92,6,2,3,4,15,1,0.213017751,"Evan Carter",27790,694497
"Ryan McMahon","- - -",191,662,735,141,87,30,1,23,69,63,66,2,234,2,3,1,15,5,5,0.212990936,"Ryan McMahon",15112,641857
"Yasmani Grandal","PIT",33,108,120,23,18,1,0,4,11,13,9,0,26,0,1,2,2,1,0,0.212962962,"Yasmani Grandal",11368,518735
"Oneil Cruz","PIT",167,620,693,132,83,18,3,28,80,69,67,6,243,3,3,0,11,36,6,0.212903225,"Oneil Cruz",21711,665833
"Andrew Knizner","- - -",35,94,102,20,16,2,0,2,11,9,5,0,16,2,1,0,1,0,0,0.212765957,"Andrew Knizner",19514,668800
"Edouard Julien","- - -",112,315,357,67,46,15,0,6,34,20,37,0,111,3,1,1,3,4,5,0.212698412,"Edouard Julien",27534,666397
"Addison Barger","TOR",98,334,364,71,34,23,1,13,44,49,24,2,95,2,3,0,8,3,0,0.21257485,"Addison Barger",24598,680718
"Corey Julks","CHW",30,80,89,17,11,3,0,3,7,9,8,0,28,0,1,0,1,3,0,0.2125,"Corey Julks",20311,667452
"Kyren Paris","LAA",29,80,91,17,8,3,1,5,14,11,8,0,35,2,0,0,1,6,0,0.2125,"Kyren Paris",26420,677347
"Nate Eaton","BOS",27,66,78,14,8,5,0,1,12,6,9,0,21,1,1,1,1,6,1,0.212121212,"Nate Eaton",25055,681987
"David Hensley","MIA",15,33,36,7,6,1,0,0,4,3,3,0,13,0,0,0,0,0,0,0.212121212,"David Hensley",25111,682073
"Denzel Clarke","ATH",33,99,110,21,14,4,1,2,10,10,5,0,37,3,0,3,1,4,0,0.212121212,"Denzel Clarke",29858,672016
"Spencer Torkelson","DET",172,632,724,134,78,30,1,25,86,69,77,2,199,10,5,0,15,1,1,0.212025316,"Spencer Torkelson",27465,679529
"Nick Loftin","KCR",88,250,280,53,34,14,0,5,32,26,20,0,41,5,3,2,9,1,0,0.212,"Nick Loftin",27630,679845
"Samuel Basallo","BAL",55,184,204,39,21,9,1,8,23,32,18,1,60,2,0,0,5,0,0,0.211956521,"Samuel Basallo",28824,694212
"Kazuma Okamoto","TOR",46,170,192,36,18,6,0,12,28,30,20,0,59,2,0,0,0,0,0,0.211764705,"Kazuma Okamoto",37123,672960
"Max Kepler","- - -",118,397,450,84,57,19,0,8,45,39,40,1,93,5,6,1,5,3,0,0.211586901,"Max Kepler",12144,596146
"Andrés Chaparro","WSN",52,156,173,33,17,10,0,6,16,30,13,0,36,4,0,0,4,0,1,0.211538461,"Andres Chaparro",21797,665953
"Riley Adams","WSN",60,199,214,42,31,7,0,4,18,13,11,0,74,4,0,0,9,1,0,0.211055276,"Riley Adams",19864,656180
"Taylor Trammell","- - -",51,109,128,23,13,6,0,4,18,13,17,0,38,0,1,1,0,2,1,0.211009174,"Taylor Trammell",19960,666211
"Matt Carpenter","STL",25,76,82,16,12,3,0,1,6,3,5,0,29,0,0,0,0,0,0,0.210526315,"Matt Carpenter",8090,572761
"Anthony Rizzo","NYY",51,195,213,41,29,8,0,4,20,20,14,0,39,3,1,0,6,0,0,0.21025641,"Anthony Rizzo",3473,519203
"Daniel Schneemann","CLE",139,414,463,87,48,23,2,14,50,47,43,0,142,3,3,0,3,8,3,0.210144927,"Daniel Schneemann",25180,682177
"Graham Pauley","- - -",48,138,153,29,15,9,1,4,16,15,15,0,31,0,0,0,4,1,1,0.210144927,"Graham Pauley",31363,688363
"Anthony Seigler","- - -",30,81,95,17,13,3,0,1,13,4,9,0,15,2,1,2,1,3,0,0.209876543,"Anthony Seigler",23802,678011
"Nick Madrigal","- - -",27,62,72,13,10,3,0,0,5,4,6,0,6,3,0,1,2,0,1,0.209677419,"Nick Madrigal",20521,663611
"Christian Encarnacion-Strand","- - -",28,110,115,23,16,4,0,3,12,17,0,0,32,2,3,0,0,0,2,0.209090909,"Christian Encarnacion-Strand",30011,687952
"Nolan Gorman","STL",138,479,537,100,63,18,1,18,59,64,55,3,182,0,3,0,1,2,0,0.208768267,"Nolan Gorman",22263,669357
"Brendan Rodgers","- - -",88,326,345,68,44,17,1,6,34,27,17,1,109,1,1,0,6,0,1,0.208588957,"Brendan Rodgers",17907,663898
"Gary Sánchez","- - -",89,259,302,54,34,7,2,11,33,42,36,0,78,5,2,0,10,0,0,0.208494208,"Gary Sanchez",11442,596142
"Bryan Ramos","CHW",16,48,54,10,6,3,0,1,7,8,4,0,12,0,1,0,2,0,1,0.208333333,"Bryan Ramos",25621,682868
"Adrian Del Castillo","ARI",61,192,212,40,27,6,0,7,15,29,18,0,76,1,1,0,3,1,1,0.208333333,"Adrian Del Castillo",29554,680728
"Zach Cole","HOU",18,48,53,10,4,3,0,3,7,11,5,0,22,0,0,0,0,3,0,0.208333333,"Zach Cole",31583,805904
"LuJames Groover","ARI",7,24,30,5,3,1,0,1,3,3,5,0,9,1,0,0,1,0,0,0.208333333,"LuJames Groover",33552,694410
"Seth Brown","OAK",75,221,237,46,28,8,1,9,21,30,12,0,70,4,0,0,3,2,1,0.208144796,"Seth Brown",18171,664913
"Dalton Rushing","LAD",58,173,197,36,21,5,0,10,23,25,18,0,63,5,1,0,3,0,0,0.208092485,"Dalton Rushing",31382,687221
"Nolan Jones","- - -",98,303,338,63,43,14,2,4,24,24,28,1,105,3,3,1,9,5,3,0.207920792,"Nolan Jones",20529,666134
"Nick Yorke","PIT",32,101,112,21,17,2,0,2,8,10,9,0,23,1,1,0,2,3,0,0.207920792,"Nick Yorke",27504,694377
"Michael Stefanic","- - -",27,77,87,16,13,3,0,0,5,6,8,0,13,2,0,0,3,0,0,0.207792207,"Michael Stefanic",25353,683021
"Colt Emerson","SEA",23,77,88,16,7,4,1,4,10,11,9,0,24,1,1,0,0,1,1,0.207792207,"Colt Emerson",33575,806068
"Nick Senzel","- - -",40,130,146,27,16,7,0,4,11,11,15,1,35,1,0,0,3,0,2,0.207692307,"Nick Senzel",19293,669222
"Jarred Kelenic","- - -",87,260,283,54,37,10,0,7,25,22,21,0,85,0,2,0,5,3,3,0.207692307,"Jarred Kelenic",22558,672284
"Cedric Mullins","- - -",174,578,655,120,86,15,3,16,71,56,57,0,140,9,4,3,3,42,11,0.207612456,"Cedric Mullins",17929,656775
"Colton Cowser","BAL",166,554,609,115,60,25,3,27,59,76,45,0,218,7,3,0,10,14,3,0.207581227,"Colton Cowser",29591,681297
"Garrett Cooper","- - -",18,53,57,11,10,1,0,0,3,3,4,0,15,0,0,0,0,0,0,0.207547169,"Garrett Cooper",15279,643265
"Cole Carrigg","COL",16,53,64,11,5,4,0,2,12,10,8,1,15,1,1,1,1,2,0,0.207547169,"Cole Carrigg",33253,694249
"Hunter Renfroe","KCR",72,241,265,50,31,13,0,6,25,20,22,0,55,1,1,0,6,1,0,0.207468879,"Hunter Renfroe",15464,592669
"Oswald Peraza","- - -",95,275,298,57,34,10,2,11,32,27,18,0,96,4,1,0,6,15,1,0.207272727,"Oswald Peraza",22823,672724
"Stuart Fairchild","- - -",63,140,159,29,17,6,0,6,27,21,15,0,47,2,1,1,3,11,1,0.207142857,"Stuart Fairchild",20321,656413
"Carlos Narváez","- - -",85,295,324,61,42,10,0,9,33,27,24,0,96,2,1,2,9,0,1,0.206779661,"Carlos Narvaez",19722,665966
"Danny Jansen","- - -",114,358,410,74,43,21,0,10,42,31,42,0,98,6,3,1,5,1,0,0.20670391,"Danny Jansen",16535,643376
"Edward Olivares","PIT",28,92,104,19,16,1,0,2,10,9,9,0,24,1,2,0,3,0,0,0.206521739,"Edward Olivares",19698,658668
"Chris Taylor","- - -",67,170,192,35,23,9,1,2,26,18,17,0,59,2,2,1,3,4,2,0.205882352,"Chris Taylor",13757,621035
"Daniel Johnson","- - -",15,34,40,7,4,2,0,1,10,1,5,0,7,1,0,0,1,0,0,0.205882352,"Daniel Johnson",19643,669288
"Kevin Kiermaier","- - -",57,161,174,33,20,6,2,5,21,24,9,0,45,0,0,4,3,2,2,0.204968944,"Kevin Kiermaier",11038,595281
"Bo Naylor","CLE",134,425,469,87,54,17,2,14,44,48,36,1,124,0,5,3,5,3,2,0.204705882,"Bo Naylor",21865,666310
"Patrick Bailey","- - -",152,489,541,100,77,13,2,8,53,55,42,0,160,2,6,2,10,4,0,0.204498977,"Patrick Bailey",27478,672275
"José Azócar","- - -",28,49,53,10,9,1,0,0,9,1,4,0,8,0,0,0,1,6,1,0.204081632,"Jose Azocar",18821,640492
"Jeimer Candelario","- - -",66,260,274,53,31,16,0,6,19,32,8,0,68,2,4,0,3,3,2,0.203846153,"Jeimer Candelario",13621,600869
"Sam Haggerty","- - -",51,118,131,24,16,5,1,2,18,6,11,0,27,2,0,0,2,9,2,0.20338983,"Sam Haggerty",18054,664059
"Jahmai Jones","- - -",79,143,156,29,18,7,0,4,11,18,9,1,48,3,0,1,2,1,2,0.202797202,"Jahmai Jones",18872,663330
"Nathan Church","STL",51,168,183,34,22,5,1,6,25,23,12,0,46,2,0,1,3,3,1,0.202380952,"Nathan Church",31357,701675
"Cristian Pache","- - -",31,89,96,18,13,5,0,0,7,6,7,0,34,0,0,0,1,1,0,0.202247191,"Cristian Pache",19948,665506
"Robbie Grossman","- - -",46,124,143,25,21,4,0,0,12,7,18,0,36,0,1,0,4,2,0,0.201612903,"Robbie Grossman",5254,543257
"Luis Matos","- - -",55,169,178,34,20,7,1,6,17,17,9,0,33,0,0,0,4,3,0,0.201183431,"Luis Matos",26467,682641
"Niko Goodrum","TBR",3,10,11,2,2,0,0,0,0,0,0,0,3,0,0,1,0,0,1,0.2,"Niko Goodrum",12092,592348
"Tom Murphy","SFG",8,20,23,4,2,1,0,1,3,2,3,0,8,0,0,0,0,0,0,0.2,"Tom Murphy",13499,608596
"Jose Herrera","ARI",48,130,162,26,17,5,1,3,19,20,18,0,39,1,4,9,1,0,0,0.2,"Jose Herrera",17040,645444
"Charles Leblanc","LAA",4,10,12,2,1,0,0,1,3,3,2,0,5,0,0,0,0,0,0,0.2,"Charles Leblanc",19813,641779
"Joshua Palacios","- - -",36,110,123,22,17,3,0,2,11,10,10,0,30,2,0,1,0,1,0,0.2,"Joshua Palacios",19818,641943
"J.P. Martínez","ATL",3,5,5,1,0,1,0,0,0,0,0,0,2,0,0,0,0,0,0,0.2,"J.P. Martinez",24451,679881
"David Villar","SFG",7,20,21,4,3,1,0,0,2,1,0,0,7,1,0,0,0,0,0,0.2,"David Villar",24782,681584
"Matthew Lugo","LAA",17,50,51,10,6,2,0,2,6,5,0,0,18,1,0,0,3,0,0,0.2,"Matthew Lugo",25980,683090
"Ryan Ward","LAD",13,35,38,7,4,2,0,1,4,8,3,0,9,0,0,0,0,0,0,0.2,"Ryan Ward",27449,669899
"Owen Caissie","- - -",45,120,132,24,12,6,0,6,17,19,9,0,57,1,2,0,1,1,1,0.2,"Owen Caissie",27496,683357
"Alika Williams","- - -",26,75,83,15,12,2,1,0,14,7,3,0,23,1,0,4,0,0,1,0.2,"Alika Williams",27604,675961
"Deyvison De Los Santos","MIA",2,5,5,1,1,0,0,0,0,0,0,0,3,0,0,0,0,0,0,0.2,"Deyvison De Los Santos",27969,691277
"Jimmy Crooks","STL",18,50,54,10,6,0,1,3,5,4,2,0,18,2,0,0,0,0,0,0.2,"Jimmy Crooks",31354,699625
"Ryan Ritter","COL",29,75,86,15,11,3,0,1,8,4,5,0,28,3,0,3,4,1,0,0.2,"Ryan Ritter",31500,690022
"Sean Keys","TOR",6,20,20,4,3,1,0,0,3,2,0,0,7,0,0,0,0,0,0,0.2,"Sean Keys",35094,815873
"Matt McLain","CIN",111,391,438,78,55,13,0,10,44,36,36,0,131,3,3,5,7,17,2,0.199488491,"Matt McLain",29695,680574
"Ke'Bryan Hayes","- - -",142,518,563,103,81,14,3,5,48,32,38,0,119,4,3,0,17,14,1,0.198841698,"Ke'Bryan Hayes",18577,663647
"Michael Siani","- - -",63,171,193,34,29,4,0,1,26,9,12,0,55,0,1,9,1,13,2,0.198830409,"Michael Siani",22557,672279
"Darell Hernaiz","OAK",57,171,197,34,27,4,1,2,18,17,20,0,36,1,4,1,1,5,3,0.198830409,"Darell Hernaiz",26224,687231
"Bryan De La Cruz","- - -",81,302,323,60,45,5,0,10,28,30,16,0,108,1,3,0,2,3,2,0.198675496,"Bryan De La Cruz",19600,650559
"Brady House","WSN",60,232,246,46,29,11,0,6,21,26,11,0,77,0,3,0,7,1,3,0.198275862,"Brady House",29993,691781
"Kevin Pillar","- - -",62,177,196,35,19,11,0,5,27,27,12,0,42,4,2,1,3,9,3,0.197740112,"Kevin Pillar",12434,607680
"Danny Mendick","CHW",21,71,75,14,10,3,0,1,7,4,3,0,17,1,0,0,1,4,0,0.197183098,"Danny Mendick",18889,664901
"Niko Kavadas","LAA",22,66,74,13,10,1,0,2,6,5,8,0,31,0,0,0,0,1,0,0.196969696,"Niko Kavadas",29782,694359
"Victor Mesa Jr.","- - -",21,61,74,12,8,0,0,4,11,8,10,0,16,0,1,2,1,1,1,0.196721311,"Victor Mesa Jr.",25999,683748
"Liover Peguero","PIT",18,56,60,11,6,1,0,4,7,7,3,0,17,1,0,0,2,3,0,0.196428571,"Liover Peguero",24273,678894
"Mickey Gasper","- - -",39,107,115,21,19,1,0,1,9,5,7,0,23,0,1,0,1,0,1,0.196261682,"Mickey Gasper",24759,681508
"Colby Thomas","ATH",43,102,108,20,13,4,0,3,13,16,3,0,40,1,2,0,4,2,1,0.196078431,"Colby Thomas",31855,687515
"Vidal Bruján","- - -",70,164,176,32,23,9,0,0,16,10,9,0,40,2,0,1,3,2,2,0.195121951,"Vidal Brujan",20536,660644
"Everson Pereira","- - -",25,82,93,16,9,5,0,2,9,6,7,0,30,2,2,0,3,1,0,0.195121951,"Everson Pereira",23695,677592
"Kahlil Watson","CLE",13,41,43,8,6,1,0,1,3,7,2,0,18,0,0,0,1,3,1,0.195121951,"Kahlil Watson",29905,696135
"Gabriel Rincones Jr.","PHI",12,41,43,8,4,3,0,1,3,4,0,0,12,1,1,0,1,0,0,0.195121951,"Gabriel Rincones Jr.",31958,687282
"Christian Bethancourt","- - -",23,72,74,14,9,4,0,1,9,10,2,0,19,0,0,0,0,2,0,0.194444444,"Christian Bethancourt",10028,542194
"Gustavo Campero","LAA",12,36,41,7,5,0,1,1,6,2,2,0,11,3,0,0,1,2,0,0.194444444,"Gustavo Campero",22707,672569
"Dylan Crews","WSN",76,283,316,55,36,9,0,10,31,25,26,0,64,6,1,0,4,19,5,0.194346289,"Dylan Crews",33541,686611
"Sean Murphy","ATL",86,273,320,53,25,12,1,15,30,38,38,2,88,6,3,0,9,0,0,0.194139194,"Sean Murphy",19352,669221
"Coby Mayo","BAL",86,273,303,53,33,6,0,14,32,30,25,0,99,5,0,0,3,3,0,0.194139194,"Coby Mayo",28312,691723
"Daz Cameron","- - -",43,134,145,26,16,5,0,5,15,12,9,0,45,1,1,0,2,2,0,0.19402985,"Daz Cameron",18353,663662
"Travis d'Arnaud","- - -",85,279,306,54,31,14,0,9,29,34,18,0,86,6,3,0,9,1,0,0.193548387,"Travis d'Arnaud",7739,518595
"J.C. Escarra","NYY",35,93,103,18,13,5,0,0,4,3,9,0,21,1,0,0,0,1,0,0.193548387,"J.C. Escarra",20084,641555
"DJ Stewart","NYM",36,83,101,16,11,1,0,4,8,13,15,0,19,2,1,0,3,0,0,0.192771084,"DJ Stewart",17766,621466
"Jordan Beck","COL",118,395,434,76,48,14,2,12,33,34,34,0,148,3,1,0,5,12,5,0.192405063,"Jordan Beck",31431,687597
"Jared Walsh","TEX",7,26,28,5,4,1,0,0,2,3,2,0,14,0,0,0,0,0,0,0.192307692,"Jared Walsh",18607,665120
"Hunter Feduccia","- - -",54,130,151,25,19,5,1,0,12,9,18,0,41,1,1,1,0,1,0,0.192307692,"Hunter Feduccia",23372,676439
"Alan Trejo","COL",17,47,48,9,8,1,0,0,3,1,0,0,9,0,0,1,2,0,0,0.191489361,"Alan Trejo",20056,676701
"Petey Halpin","CLE",19,47,52,9,8,0,1,0,10,1,3,0,17,0,0,2,0,4,0,0.191489361,"Petey Halpin",27931,690984
"Elehuris Montero","COL",34,115,126,22,15,6,0,1,9,11,10,0,32,0,1,0,3,0,0,0.191304347,"Elehuris Montero",20543,660707
"Tyler Nevin","OAK",45,136,154,26,15,7,0,4,10,11,14,0,37,3,1,0,3,1,0,0.19117647,"Tyler Nevin",17893,663527
"Taylor Walls","TBR",118,362,416,69,50,13,2,4,44,28,42,0,103,1,7,4,4,21,9,0.190607734,"Taylor Walls",22458,670764
"Tucker Barnhart","- - -",16,42,50,8,8,0,0,0,5,2,6,0,16,1,0,1,0,0,0,0.19047619,"Tucker Barnhart",10200,571466
"Chas McCormick","HOU",71,189,211,36,27,6,1,2,20,12,13,0,59,3,2,4,2,2,4,0.19047619,"Chas McCormick",19599,676801
"Logan Driscoll","TBR",8,21,23,4,3,0,0,1,2,4,1,0,2,0,1,0,0,0,0,0.19047619,"Logan Driscoll",25475,686482
"Tim Anderson","- - -",53,184,190,35,32,3,0,0,13,4,3,0,52,3,0,0,6,3,1,0.190217391,"Tim Anderson",15172,641313
"Sam Hilliard","COL",37,100,115,19,8,3,1,7,14,13,13,0,50,0,0,2,0,5,2,0.19,"Sam Hilliard",17954,656541
"Will Benson","CIN",121,316,359,60,33,15,2,10,35,34,35,1,123,2,6,0,5,12,3,0.189873417,"Will Benson",21853,666181
"Brenton Doyle","COL",165,591,647,112,77,17,1,17,70,46,47,0,181,1,3,5,11,28,2,0.189509306,"Brenton Doyle",25479,686668
"Nelson Velázquez","- - -",42,127,144,24,12,6,0,6,17,17,14,0,40,1,2,0,2,1,0,0.188976377,"Nelson Velazquez",23359,676369
"Brandon Drury","LAA",54,180,204,34,26,5,0,3,17,12,19,0,42,3,2,0,10,1,0,0.188888888,"Brandon Drury",11615,592273
"Junior Perez","CHW",7,16,17,3,1,0,0,2,2,4,1,0,6,0,0,0,0,0,1,0.1875,"Junior Perez",23989,678577
"Ryan Kreidler","- - -",49,128,137,24,20,1,1,2,17,13,8,0,40,0,0,1,4,3,2,0.1875,"Ryan Kreidler",25867,668952
"Dominic Fletcher","CHW",46,139,153,26,15,9,0,2,12,12,9,1,31,1,1,2,5,1,0,0.187050359,"Dominic Fletcher",26149,666150
"Brett Sullivan","- - -",28,75,83,14,4,7,0,3,10,11,5,0,18,2,1,0,1,0,0,0.186666666,"Brett Sullivan",18217,664954
"Spencer Jones","NYY",15,43,48,8,7,0,0,1,2,4,5,0,22,0,0,0,0,0,0,0.186046511,"Spencer Jones",31532,682987
"Zack Short","- - -",37,70,92,13,9,4,0,0,16,8,16,0,22,3,2,1,0,2,1,0.185714285,"Zack Short",19562,670097
"Alex Jackson","- - -",47,135,149,25,14,7,0,4,19,11,9,0,50,5,0,0,1,0,0,0.185185185,"Alex Jackson",17276,656577
"Tommy Troy","ARI",20,65,73,12,8,1,0,3,11,6,8,0,20,0,0,0,0,0,0,0.184615384,"Tommy Troy",33279,694371
"Kris Bryant","COL",26,87,103,16,12,4,0,0,4,8,8,0,37,7,1,0,2,0,0,0.183908045,"Kris Bryant",15429,592178
"Matt Thaiss","- - -",64,174,210,32,23,7,1,1,14,13,32,0,54,3,1,0,3,1,1,0.183908045,"Matt Thaiss",19318,642136
"Christian Moore","LAA",27,87,99,16,9,2,1,4,8,9,10,0,36,0,1,1,1,2,1,0.183908045,"Christian Moore",34979,695681
"Zach DeLoach","CHW",14,49,53,9,7,1,0,1,6,3,4,0,17,0,0,0,0,0,0,0.183673469,"Zach DeLoach",27471,676113
"Travis Jankowski","- - -",46,109,122,20,18,2,0,0,12,4,7,0,28,5,0,1,0,6,1,0.183486238,"Travis Jankowski",13768,608671
"Alan Roden","- - -",30,82,90,15,10,4,0,1,6,4,5,0,24,2,1,0,0,1,1,0.182926829,"Alan Roden",31564,702176
"Luke Maile","- - -",36,93,104,17,14,2,0,1,6,5,7,0,36,2,1,1,4,2,0,0.182795698,"Luke Maile",13355,571912
"Luke Williams","ATL",31,44,46,8,5,3,0,0,7,7,0,0,14,0,1,1,1,4,0,0.181818181,"Luke Williams",19931,663897
"Yanquiel Fernández","COL",25,66,71,12,10,1,0,1,4,2,5,0,24,0,0,0,1,0,0,0.181818181,"Yanquiel Fernandez",28552,692585
"Zach McKinstry","DET",161,479,532,87,62,14,6,5,51,31,43,1,113,4,4,2,3,19,6,0.181628392,"Zach McKinstry",19392,656716
"Christopher Morel","- - -",136,440,485,79,46,14,2,17,41,46,39,1,151,5,1,0,12,7,7,0.179545454,"Christopher Morel",21897,666624
"Tyler Callihan","- - -",14,39,42,7,5,2,0,0,4,5,3,0,14,0,0,0,0,1,0,0.179487179,"Tyler Callihan",27497,682997
"Bligh Madris","DET",9,28,31,5,3,2,0,0,2,0,2,0,11,0,0,0,0,0,0,0.178571428,"Bligh Madris",20054,676632
"Eddie Rosario","- - -",56,180,192,32,17,10,0,5,20,18,9,0,44,0,2,1,2,6,1,0.177777777,"Eddie Rosario",12155,592696
"Matt Mervis","- - -",28,79,86,14,8,3,0,3,8,9,6,0,28,1,0,0,1,0,0,0.177215189,"Matt Mervis",27845,670223
"Michael Toglia","COL",106,368,408,65,33,8,1,23,44,47,35,0,153,2,2,0,5,5,1,0.176630434,"Michael Toglia",25845,669911
"Austin Hedges","CLE",75,204,234,36,20,9,0,7,22,15,18,0,58,2,3,7,6,2,1,0.176470588,"Austin Hedges",12976,595978
"Jason Vosler","SEA",5,17,18,3,2,0,1,0,1,3,1,0,6,0,0,0,0,0,0,0.176470588,"Jason Vosler",16686,613564
"Will Robertson","- - -",12,34,36,6,6,0,0,0,1,6,0,0,10,1,1,0,1,0,0,0.176470588,"Will Robertson",25467,683770
"Jorge Barrosa","ARI",39,91,104,16,6,9,1,0,12,9,6,0,32,1,2,4,1,1,0,0.175824175,"Jorge Barrosa",23968,678489
"Victor Scott II","STL",117,355,405,62,40,14,1,7,49,36,30,0,117,7,3,10,2,17,6,0.174647887,"Victor Scott II",31349,687363
"Davis Schneider","TOR",124,338,396,59,33,14,0,12,39,37,52,0,119,1,4,1,3,4,0,0.174556213,"Davis Schneider",23565,676914
"Dylan Carlson","- - -",86,247,280,43,30,7,1,5,18,20,26,0,74,4,3,0,4,1,3,0.174089068,"Dylan Carlson",20126,666185
"Rafael Marchán","PHI",41,129,133,22,16,3,0,3,8,8,3,0,24,1,0,0,2,0,0,0.170542635,"Rafael Marchan",21646,665561
"Shay Whitcomb","HOU",23,47,50,8,5,1,0,2,4,7,3,0,14,0,0,0,1,0,0,0.170212765,"Shay Whitcomb",27789,694376
"Justyn-Henry Malloy","DET",57,153,174,26,16,5,0,5,14,17,17,0,60,3,1,0,2,1,1,0.16993464,"Justyn-Henry Malloy",29606,669234
"Warming Bernabel","COL",20,71,73,12,6,4,0,2,4,5,2,0,11,0,0,0,0,0,1,0.169014084,"Warming Bernabel",26536,682653
"Martín Maldonado","- - -",57,154,162,26,14,9,0,3,10,10,4,0,60,0,0,4,4,0,0,0.168831168,"Martin Maldonado",6887,455117
"Mitch Haniger","SEA",55,172,190,29,21,5,0,3,15,15,16,0,49,1,1,0,4,0,0,0.168604651,"Mitch Haniger",14274,571745
"Luis Guillorme","- - -",33,89,102,15,11,4,0,0,7,4,12,0,20,0,1,0,7,4,1,0.168539325,"Luis Guillorme",16451,641645
"Jake Rogers","DET",91,279,303,47,26,9,3,9,31,33,17,1,100,3,3,1,4,2,0,0.168458781,"Jake Rogers",19452,668670
"Andrew Knapp","SFG",2,6,6,1,1,0,0,0,0,0,0,0,2,0,0,0,0,0,0,0.166666666,"Andrew Knapp",14942,595284
"Travis Blankenhorn","WSN",3,6,6,1,1,0,0,0,0,1,0,0,2,0,0,0,0,0,0,0.166666666,"Travis Blankenhorn",18395,663905
"MJ Melendez","- - -",104,300,335,50,22,14,2,12,27,25,26,1,102,8,0,0,0,0,4,0.166666666,"MJ Melendez",22197,669004
"Owen Miller","- - -",10,18,20,3,2,1,0,0,0,2,1,0,5,1,0,0,0,1,0,0.166666666,"Owen Miller",24655,680911
"Felix Reyes","PHI",7,24,24,4,3,1,0,0,1,0,0,0,6,0,0,0,1,0,0,0.166666666,"Felix Reyes",28763,694025
"Jordan Lawlar","ARI",16,48,53,8,3,5,0,0,5,3,3,0,20,2,0,0,0,4,0,0.166666666,"Jordan Lawlar",29976,691783
"Heston Kjerstad","BAL",43,127,137,21,16,2,1,2,9,14,7,1,45,2,1,0,6,0,0,0.16535433,"Heston Kjerstad",31166,677008
"Willie MacIver","ATH",17,55,60,9,4,3,0,2,5,6,4,0,10,1,0,0,0,2,0,0.163636363,"Willie MacIver",24641,680862
"Cavan Biggio","- - -",57,147,173,24,14,4,0,6,21,18,21,0,62,3,0,2,0,2,0,0.163265306,"Cavan Biggio",19252,624415
"Kameron Misner","- - -",36,123,126,20,11,8,0,1,12,9,3,0,50,0,0,0,0,4,2,0.162601626,"Kameron Misner",26374,670224
"Enmanuel Valdez","- - -",49,142,158,23,16,3,0,4,14,18,11,0,34,0,4,1,5,0,0,0.16197183,"Enmanuel Valdez",21716,665839
"Luken Baker","- - -",19,31,40,5,4,0,0,1,2,4,8,0,8,0,1,0,1,0,0,0.161290322,"Luken Baker",21497,663609
"Oliver Dunn","- - -",29,81,87,13,10,2,1,0,8,4,4,0,27,2,0,0,0,1,0,0.160493827,"Oliver Dunn",26295,686554
"Ji Hwan Bae","PIT",19,50,56,8,7,1,0,0,6,1,5,0,21,0,1,0,0,5,1,0.16,"Ji Hwan Bae",23818,678225
"Nick Ahmed","- - -",43,132,144,21,17,4,0,0,9,10,6,0,39,1,3,2,5,1,0,0.159090909,"Nick Ahmed",12147,605113
"Patrick Wisdom","- - -",45,107,120,17,5,7,0,5,11,16,7,1,47,4,1,1,0,3,0,0.158878504,"Patrick Wisdom",13602,621550
"Adam Duvall","ATL",51,152,167,24,14,3,0,7,18,18,9,0,52,5,1,0,3,0,0,0.157894736,"Adam Duvall",10950,594807
"Akil Baddoo","DET",19,57,64,9,5,2,1,1,4,2,7,0,19,0,0,0,0,2,0,0.157894736,"Akil Baddoo",22168,668731
"Tristan Gray","- - -",44,121,131,19,11,5,0,3,9,17,8,0,42,1,0,1,1,1,0,0.157024793,"Tristan Gray",19877,656484
"Bobby Dalbec","- - -",22,58,65,9,6,2,0,1,4,4,7,0,25,0,0,0,1,0,0,0.155172413,"Bobby Dalbec",19966,666915
"Jhonkensy Noel","CLE",63,162,173,25,14,4,0,7,19,18,7,0,56,3,1,0,3,0,0,0.154320987,"Jhonkensy Noel",24257,678877
"Brian Serven","TOR",14,39,45,6,4,2,0,0,4,2,3,0,13,2,0,1,0,0,0,0.153846153,"Brian Serven",19422,661531
"Luis Vázquez","- - -",15,26,31,4,3,1,0,0,6,3,3,0,6,1,1,0,1,1,0,0.153846153,"Luis Vazquez",23442,676679
"Juan Brito","CLE",8,26,29,4,3,1,0,0,5,0,3,0,8,0,0,0,1,0,0,0.153846153,"Juan Brito",26693,682877
"Tanner Murray","CHW",5,13,13,2,1,0,0,1,1,2,0,0,4,0,0,0,0,0,0,0.153846153,"Tanner Murray",28848,695020
"Cam Cauley","TEX",5,13,14,2,0,1,1,0,4,0,2,0,4,0,0,0,1,0,0,0.153846153,"Cam Cauley",29710,695508
"Yuli Gurriel","- - -",18,46,53,7,4,3,0,0,5,5,6,0,14,0,1,0,1,1,0,0.152173913,"Yuli Gurriel",19198,493329
"Cooper Hummel","HOU",20,46,56,7,6,0,0,1,7,3,8,0,12,2,0,0,0,2,0,0.152173913,"Cooper Hummel",19458,669450
"Steward Berroa","- - -",16,33,40,5,5,0,0,0,5,2,7,0,12,0,0,0,0,5,2,0.151515151,"Steward Berroa",22766,672642
"Jacob Hurtubise","CIN",20,33,37,5,4,0,1,0,5,1,2,0,11,2,0,0,0,0,0,0.151515151,"Jacob Hurtubise",27599,674441
"Curt Casali","SFG",18,53,62,8,6,1,0,1,3,5,8,0,14,0,0,1,2,0,0,0.150943396,"Curt Casali",12510,592200
"Johnathan Rodríguez","- - -",20,53,57,8,4,3,1,0,6,8,3,0,20,0,1,0,1,0,0,0.150943396,"Johnathan Rodriguez",22530,671286
"Mike Ford","CIN",10,40,41,6,4,0,1,1,2,4,1,0,11,0,0,0,1,0,0,0.15,"Mike Ford",15585,645801
"Hayden Senger","NYM",18,40,43,6,5,1,0,0,3,4,0,0,15,1,1,1,2,0,0,0.15,"Hayden Senger",21489,663584
"Yan Gomes","CHC",18,54,57,8,6,1,0,1,2,6,1,0,24,0,1,1,1,0,0,0.148148148,"Yan Gomes",9627,543228
"Sean Bouchard","COL",22,54,59,8,6,1,0,1,4,2,5,0,23,0,0,0,1,0,1,0.148148148,"Sean Bouchard",21270,656248
"Jacob Amaya","- - -",27,68,74,10,9,1,0,0,7,6,3,0,26,0,3,0,2,1,0,0.147058823,"Jacob Amaya",23296,676070
"Tyler Locklear","- - -",21,68,75,10,8,1,0,1,6,5,5,0,27,2,0,0,1,2,1,0.147058823,"Tyler Locklear",31396,682988
"Jack Suwinski","PIT",71,198,236,29,15,6,0,8,28,22,33,2,66,4,1,0,2,10,2,0.146464646,"Jack Suwinski",22244,669261
"Blaine Crim","- - -",12,41,43,6,2,2,0,2,4,6,2,0,19,0,0,0,0,0,0,0.146341463,"Blaine Crim",25714,688760
"Aaron Hicks","LAA",12,42,46,6,5,0,0,1,4,4,4,0,14,0,0,0,1,0,0,0.142857142,"Aaron Hicks",5297,543305
"P.J. Higgins","CIN",6,14,17,2,2,0,0,0,0,3,1,0,3,0,1,1,1,0,0,0.142857142,"P.J. Higgins",18433,664731
"Seby Zavala","SEA",8,21,23,3,2,1,0,0,2,1,2,0,7,0,0,0,0,0,0,0.142857142,"Seby Zavala",18887,664874
"Nick Solak","- - -",7,14,17,2,2,0,0,0,0,1,1,0,2,1,1,0,0,0,0,0.142857142,"Nick Solak",19294,669256
"Rodolfo Durán","SDP",15,42,44,6,1,2,0,3,4,6,2,0,12,0,0,0,2,0,0,0.142857142,"Rodolfo Duran",20958,660710
"Aaron Schunk","COL",19,42,44,6,6,0,0,0,1,0,1,0,20,0,0,1,0,0,0,0.142857142,"Aaron Schunk",25524,668845
"Carson McCusker","MIN",8,14,15,2,2,0,0,0,0,1,1,0,9,0,0,0,0,0,0,0.142857142,"Carson McCusker",33098,676812
"Ryan Waldschmidt","ARI",18,63,71,9,5,4,0,0,2,3,6,0,22,1,1,0,0,2,1,0.142857142,"Ryan Waldschmidt",35061,814439
"Joey Gallo","WSN",35,114,132,16,8,4,0,4,10,11,14,0,58,4,0,0,1,1,0,0.140350877,"Joey Gallo",14128,608336
"Chadwick Tromp","- - -",20,50,53,7,4,3,0,0,1,3,1,0,14,0,1,1,3,0,0,0.14,"Chadwick Tromp",16953,644433
"Braden Shewmake","- - -",28,72,78,10,6,3,0,1,7,5,2,0,15,0,2,2,2,3,0,0.138888888,"Braden Shewmake",25817,669699
"Adael Amador","COL",21,65,72,9,7,2,0,0,1,2,6,0,19,0,0,1,3,1,1,0.138461538,"Adael Amador",27962,691182
"Brett Harris","- - -",33,80,98,11,10,1,0,0,4,4,10,0,22,6,1,1,4,1,1,0.1375,"Brett Harris",29788,695391
"Henry Davis","PIT",86,271,309,37,22,8,0,7,25,27,25,0,93,6,3,3,0,1,1,0.136531365,"Henry Davis",29617,680779
"Scott Kingery","- - -",8,15,16,2,1,1,0,0,1,0,1,0,4,0,0,0,1,2,0,0.133333333,"Scott Kingery",17975,664068
"Zach Remillard","CHW",6,15,19,2,1,0,1,0,1,1,3,0,6,0,0,1,0,1,0,0.133333333,"Zach Remillard",19788,621545
"Mason McCoy","SDP",12,30,35,4,2,2,0,0,5,3,3,0,13,1,0,1,1,3,0,0.133333333,"Mason McCoy",22232,669200
"Otto Kemp","PHI",33,98,109,13,6,4,0,3,7,9,7,0,40,3,1,0,0,0,1,0.132653061,"Otto Kemp",31792,805249
"J.D. Davis","- - -",25,61,71,8,6,2,0,0,2,1,8,0,22,2,0,0,4,0,0,0.13114754,"J.D. Davis",16219,605204
"Cole Tucker","LAA",9,23,26,3,1,2,0,0,0,0,3,0,7,0,0,0,0,1,0,0.130434782,"Cole Tucker",17326,657061
"Logan Davidson","- - -",7,23,26,3,1,1,0,1,1,2,1,0,14,0,0,2,1,0,0,0.130434782,"Logan Davidson",25844,669722
"Chuckie Robinson","- - -",19,54,62,7,7,0,0,0,2,1,5,0,14,0,0,3,0,0,0,0.129629629,"Chuckie Robinson",19824,642020
"Carson Williams","TBR",27,85,90,11,8,2,0,1,7,7,4,0,38,0,0,1,3,1,0,0.129411764,"Carson Williams",30038,700246
"Will Wilson","- - -",14,31,37,4,1,2,0,1,2,2,4,0,11,0,0,2,0,0,0,0.129032258,"Will Wilson",25434,669717
"Bryce Teodosio","LAA",41,109,118,14,13,1,0,0,8,4,4,0,40,3,2,0,3,6,1,0.128440366,"Bryce Teodosio",29524,669326
"James Outman","- - -",80,196,222,25,9,7,0,9,26,16,22,0,95,4,0,0,0,4,1,0.12755102,"James Outman",24770,681546
"Rhylan Thomas","SEA",3,8,10,1,0,1,0,0,2,2,1,0,0,0,1,0,0,0,0,0.125,"Rhylan Thomas",31793,689041
"Estevan Florial","CLE",21,57,65,7,2,2,2,1,6,6,6,0,25,1,0,1,2,1,1,0.122807017,"Estevan Florial",19151,664314
"Tim Elko","CHW",9,25,28,3,2,0,0,1,1,1,3,0,13,0,0,0,0,1,0,0.12,"Tim Elko",31522,671284
"José Abreu","HOU",19,67,69,8,6,1,0,1,5,6,0,0,16,1,1,0,3,0,0,0.119402985,"Jose Abreu",15676,547989
"Drew Romo","- - -",25,76,88,9,6,2,0,1,2,4,10,0,28,0,1,1,3,1,1,0.118421052,"Drew Romo",27763,691011
"Cal Stevenson","PHI",13,17,20,2,1,1,0,0,1,2,3,0,5,0,0,0,0,0,0,0.117647058,"Cal Stevenson",22411,670276
"Sam Huff","- - -",15,43,48,5,3,0,0,2,3,3,5,0,27,0,0,0,2,0,0,0.116279069,"Sam Huff",22209,669087
"Vinny Capra","- - -",25,52,58,6,2,3,0,1,10,3,3,0,14,1,1,1,4,0,0,0.115384615,"Vinny Capra",25040,681962
"Jase Bowen","SDP",9,26,27,3,2,1,0,0,2,2,0,0,12,1,0,0,0,0,0,0.115384615,"Jase Bowen",26047,687749
"David Dahl","PHI",10,35,36,4,3,1,0,0,0,2,0,0,16,0,1,0,0,0,0,0.114285714,"David Dahl",13744,621311
"Ryan Noda","- - -",28,70,86,8,4,3,0,1,8,2,15,0,32,1,0,0,0,1,0,0.114285714,"Ryan Noda",23312,676116
"Buddy Kennedy","- - -",22,44,52,5,2,2,0,1,6,5,6,0,12,1,1,0,0,1,0,0.113636363,"Buddy Kennedy",22505,671083
"Rece Hinds","CIN",22,55,60,6,1,4,0,1,5,7,3,0,26,1,1,0,1,0,0,0.109090909,"Rece Hinds",27493,677956
"Daniel Vogelbach","TOR",16,37,43,4,3,1,0,0,1,3,6,0,9,0,0,0,3,0,0,0.108108108,"Daniel Vogelbach",14130,596129
"Chad Stevens","- - -",13,29,33,3,3,0,0,0,1,2,2,0,14,0,1,1,0,0,1,0.103448275,"Chad Stevens",29614,677060
"Jamie Westbrook","BOS",9,20,24,2,0,0,0,2,3,5,3,0,7,0,1,0,0,0,0,0.1,"Jamie Westbrook",15504,642197
"CJ Alexander","ATH",3,10,10,1,1,0,0,0,0,0,0,0,6,0,0,0,0,0,0,0.1,"CJ Alexander",20557,680769
"Matt Gorski","PIT",7,20,21,2,0,0,0,2,2,3,1,0,8,0,0,0,0,0,0,0.1,"Matt Gorski",25855,685301
"Jacob Melton","HOU",14,30,36,3,3,0,0,0,4,2,4,0,10,1,0,0,1,4,2,0.1,"Jacob Melton",31661,689200
"Ryan Fitzgerald","MIN",12,21,25,2,0,0,0,2,4,3,4,0,3,0,0,0,0,1,0,0.095238095,"Ryan Fitzgerald",24622,680837
"Ehire Adrianza","LAA",3,11,12,1,0,1,0,0,1,0,1,0,6,0,0,0,1,0,0,0.09090909,"Ehire Adrianza",8418,501303
"Rob Brantly","- - -",4,11,11,1,1,0,0,0,0,0,0,0,3,0,0,0,0,0,0,0.09090909,"Rob Brantly",10655,542963
"Jace Peterson","ARI",5,11,12,1,1,0,0,0,2,0,1,0,3,0,0,0,0,0,0,0.09090909,"Jace Peterson",12325,607054
"Ryan McKenna","- - -",7,11,12,1,0,0,0,1,3,1,1,0,5,0,0,0,0,1,1,0.09090909,"Ryan McKenna",19928,663630
"Drew Avans","ATH",5,11,11,1,1,0,0,0,0,0,0,0,5,0,0,0,0,0,0,0.09090909,"Drew Avans",25183,682183
"Tristin English","ARI",7,22,23,2,1,1,0,0,0,1,1,0,8,0,0,0,0,0,0,0.09090909,"Tristin English",26148,663536
"Davis Wendzel","TEX",13,34,36,3,2,1,0,0,1,0,1,0,12,1,0,0,1,0,0,0.088235294,"Davis Wendzel",26469,673995
"Pedro León","HOU",4,12,12,1,1,0,0,0,2,0,0,0,7,0,0,0,1,0,0,0.083333333,"Pedro Leon",27781,694175
"Rafael Flores Jr.","PIT",5,12,15,1,1,0,0,0,0,0,3,0,6,0,0,0,0,0,0,0.083333333,"Rafael Flores Jr.",31991,804668
"DaShawn Keirsey Jr.","MIN",28,52,55,4,3,0,0,1,6,3,1,0,19,1,0,1,1,7,2,0.076923076,"DaShawn Keirsey Jr.",24496,680577
"Connor Kaiser","ARI",6,14,15,1,1,0,0,0,1,1,1,0,5,0,0,0,1,0,0,0.071428571,"Connor Kaiser",21535,663731
"José Barrero","STL",7,14,14,1,1,0,0,0,1,0,0,0,4,0,0,0,0,0,0,0.071428571,"Jose Barrero",23378,676480
"Greg Jones","- - -",7,14,15,1,1,0,0,0,0,1,1,0,8,0,0,0,0,1,0,0.071428571,"Greg Jones",25448,675659
"Jesus Rodriguez","SFG",6,14,16,1,0,0,0,1,1,3,2,0,2,0,0,0,0,1,0,0.071428571,"Jesus Rodriguez",26991,683679
"César Prieto","STL",4,14,14,1,1,0,0,0,0,0,0,0,6,0,0,0,0,0,0,0.071428571,"Cesar Prieto",30163,693409
"Austin Nola","COL",6,15,16,1,1,0,0,0,1,0,1,0,1,0,0,0,0,0,0,0.066666666,"Austin Nola",15941,543592
"Luis De Los Santos","TOR",6,15,16,1,1,0,0,0,0,0,1,0,6,0,0,0,0,0,0,0.066666666,"Luis De Los Santos",21682,665782
"Zac Veen","COL",5,16,17,1,1,0,0,0,0,0,1,0,9,0,0,0,0,0,0,0.0625,"Zac Veen",27770,691728
"Trenton Brooks","- - -",19,33,37,2,1,0,0,1,2,2,4,0,9,0,0,0,2,1,0,0.06060606,"Trenton Brooks",19384,670092
"Cam Devanney","PIT",6,19,21,1,1,0,0,0,0,0,2,0,13,0,0,0,1,0,0,0.052631578,"Cam Devanney",25688,687478
"Maverick Handley","BAL",9,21,25,1,1,0,0,0,1,2,2,0,11,0,1,1,0,0,0,0.047619047,"Maverick Handley",26106,668974
"Aledmys Díaz","- - -",10,27,28,1,1,0,0,0,1,1,1,0,7,0,0,0,0,0,0,0.037037037,"Aledmys Diaz",15937,649557
"Sandy León","ATL",12,29,29,1,1,0,0,0,0,0,0,0,14,0,0,0,0,0,0,0.034482758,"Sandy Leon",5273,506702
"Rafael Ortega","CHW",2,5,5,0,0,0,0,0,1,0,0,0,0,0,0,0,1,0,0,0,"Rafael Ortega",10323,542364
"Aramis Garcia","- - -",6,16,16,0,0,0,0,0,0,0,0,0,7,0,0,0,1,0,0,0,"Aramis Garcia",16925,605244
"Eddy Alvarez","NYM",6,6,7,0,0,0,0,0,2,0,0,0,2,1,0,0,0,0,0,0,"Eddy Alvarez",16959,657193
"Brian Anderson","ATL",3,5,5,0,0,0,0,0,0,0,0,0,2,0,0,0,1,0,0,0,"Brian Anderson",18289,605119
"Grant Koch","PIT",3,7,8,0,0,0,0,0,1,0,1,0,6,0,0,0,0,0,0,0,"Grant Koch",22045,667428
"Tirso Ornelas","SDP",4,6,7,0,0,0,0,0,0,1,1,0,1,0,0,0,0,0,0,0,"Tirso Ornelas",22566,672359
"Grae Kessinger","HOU",9,12,15,0,0,0,0,0,3,0,2,0,4,1,0,0,0,0,0,0,"Grae Kessinger",25813,666197
"Kyler Fedko","MIN",7,11,13,0,0,0,0,0,0,1,1,0,5,0,1,0,0,0,1,0,"Kyler Fedko",29930,693459
"Nick Morabito","NYM",4,7,8,0,0,0,0,0,0,0,0,0,6,1,0,0,0,0,1,0,"Nick Morabito",32119,703492
