Name,Team,G,AB,PA,H,1B,2B,3B,HR,R,RBI,BB,IBB,SO,HBP,SF,SH,GDP,SB,CS,AVG,NameASCII,PlayerId,MLBAMID
"Tyler Callihan","PIT",8,6,7,4,3,1,0,0,2,1,1,0,0,0,0,0,0,1,0,0.666666666,"Tyler Callihan",27497,682997
"Lucas Spence","HOU",3,5,5,3,3,0,0,0,0,0,0,0,1,0,0,0,0,0,0,0.6,"Lucas Spence",35126,828599
"Logan Davidson","- - -",5,7,8,4,3,1,0,0,2,2,1,0,1,0,0,0,0,0,0,0.571428571,"Logan Davidson",25844,669722
"Matt Duffy","TEX",3,4,6,2,2,0,0,0,1,0,1,0,1,1,0,0,0,0,0,0.5,"Matt Duffy",13836,622110
"Stone Garrett","WSN",2,4,5,2,1,0,0,1,1,3,1,0,0,0,0,0,0,0,0,0.5,"Stone Garrett",19273,656448
"Eduardo Valencia","DET",5,8,8,4,2,0,0,2,3,3,0,0,2,0,0,0,0,0,0,0.5,"Eduardo Valencia",24574,680664
"Jorge Alfaro","WSN",5,9,9,4,3,1,0,0,1,1,0,0,3,0,0,0,0,1,0,0.444444444,"Jorge Alfaro",12180,595751
"Carlos Cortes","ATH",15,18,19,8,6,2,0,0,2,0,0,0,4,1,0,0,0,0,0,0.444444444,"Carlos Cortes",21842,666126
"Rob Brantly","MIA",3,7,7,3,3,0,0,0,0,1,0,0,1,0,0,0,0,0,0,0.428571428,"Rob Brantly",10655,542963
"Jared Walsh","TEX",4,5,5,2,1,1,0,0,2,0,0,0,1,0,0,0,0,0,0,0.4,"Jared Walsh",18607,665120
"Tommy Troy","ARI",18,25,28,10,7,1,1,1,8,4,3,0,6,0,0,0,0,1,0,0.4,"Tommy Troy",33279,694371
"Joshua Kuroda-Grauer","ATH",8,24,24,9,6,3,0,0,2,1,0,0,2,0,0,0,1,0,0,0.375,"Joshua Kuroda-Grauer",35121,811965
"Esmerlyn Valdez","PIT",20,35,40,13,2,4,1,6,9,17,5,0,10,0,0,0,1,0,0,0.371428571,"Esmerlyn Valdez",29005,699013
"Chase DeLauter","CLE",61,99,108,36,26,7,1,2,12,19,8,0,16,0,1,0,2,1,0,0.363636363,"Chase DeLauter",32127,800050
"Austin Barnes","LAD",28,45,50,16,13,3,0,0,5,4,4,0,7,0,0,1,0,0,0,0.355555555,"Austin Barnes",12158,605131
"Matthew Lugo","LAA",12,17,17,6,4,1,0,1,2,4,0,0,4,0,0,0,1,0,0,0.352941176,"Matthew Lugo",25980,683090
"Miguel Andujar","- - -",117,221,235,77,56,15,0,6,23,31,13,2,33,1,0,0,14,0,1,0.348416289,"Miguel Andujar",15878,609280
"Ryan Waldschmidt","ARI",17,29,32,10,6,4,0,0,4,3,3,0,6,0,0,0,0,4,0,0.344827586,"Ryan Waldschmidt",35061,814439
"Samad Taylor","- - -",18,32,34,11,10,0,1,0,7,1,1,0,10,0,0,1,1,0,0,0.34375,"Samad Taylor",22274,669392
"Dom Nuñez","CLE",2,6,6,2,2,0,0,0,1,0,0,0,3,0,0,0,0,0,0,0.333333333,"Dom Nunez",15055,624513
"Aramis Garcia","- - -",4,6,6,2,1,0,0,1,2,2,0,0,2,0,0,0,0,0,0,0.333333333,"Aramis Garcia",16925,605244
"Yordan Alvarez","HOU",167,321,361,107,65,20,2,20,42,53,28,3,60,7,5,0,4,2,1,0.333333333,"Yordan Alvarez",19556,670541
"Logan Porter","LAA",2,3,5,1,0,1,0,0,1,0,2,0,1,0,0,0,0,0,0,0.333333333,"Logan Porter",20626,682515
"César Salazar","HOU",13,18,20,6,6,0,0,0,1,3,0,0,6,2,0,0,0,0,0,0.333333333,"Cesar Salazar",21587,663967
"Raynel Delgado","HOU",6,6,8,2,1,0,0,1,2,2,1,0,1,0,0,1,0,0,0,0.333333333,"Raynel Delgado",22272,669384
"Yanquiel Fernández","COL",8,9,9,3,2,1,0,0,1,0,0,0,2,0,0,0,1,0,0,0.333333333,"Yanquiel Fernandez",28552,692585
"Daniel Susac","SFG",20,33,36,11,11,0,0,0,2,2,3,0,6,0,0,0,1,0,0,0.333333333,"Daniel Susac",31441,691740
"Nico Hoerner","CHC",212,378,405,125,92,23,2,8,60,43,19,1,33,6,2,0,4,22,2,0.33068783,"Nico Hoerner",21479,663538
"José Ramírez","CLE",240,421,470,139,80,32,2,25,83,79,40,15,44,2,6,0,8,39,9,0.33016627,"Jose Ramirez",13510,608070
"Austin Hays","- - -",115,185,208,61,33,22,3,3,33,25,18,3,51,3,1,1,3,1,0,0.329729729,"Austin Hays",19363,669720
"Bobby Witt Jr.","KCR",192,356,391,115,72,30,5,8,62,41,29,9,57,2,4,0,5,26,7,0.323033707,"Bobby Witt Jr.",25764,677951
"Paul Goldschmidt","- - -",221,398,453,128,76,31,1,20,70,49,45,7,72,6,1,0,6,8,0,0.32160804,"Paul Goldschmidt",9218,502671
"Andrew Vaughn","- - -",172,322,361,101,63,27,2,9,37,57,34,1,52,3,1,1,7,0,0,0.313664596,"Andrew Vaughn",26197,683734
"Andy Pages","LAD",204,343,375,107,73,23,0,11,55,43,27,1,80,2,2,0,7,9,6,0.311953352,"Andy Pages",24816,681624
"Aaron Judge","NYY",214,312,421,97,44,16,0,37,90,78,105,34,103,2,2,0,14,10,3,0.310897435,"Aaron Judge",15640,592450
"Victor Bericoto","SFG",14,29,29,9,5,3,0,1,2,1,0,0,10,0,0,0,0,0,1,0.310344827,"Victor Bericoto",26468,682674
"Ketel Marte","ARI",212,449,503,139,77,27,1,34,86,89,44,11,70,8,2,0,8,4,2,0.309576837,"Ketel Marte",13613,606466
"Dairon Blanco","KCR",39,68,74,21,13,5,0,3,16,8,5,0,16,0,1,0,1,10,4,0.308823529,"Dairon Blanco",19779,680118
"Geraldo Perdomo","ARI",228,383,450,118,95,12,4,7,54,54,48,0,43,0,7,12,4,18,3,0.308093994,"Geraldo Perdomo",22799,672695
"Estevan Florial","CLE",11,13,14,4,1,3,0,0,0,3,1,0,5,0,0,0,1,0,0,0.307692307,"Estevan Florial",19151,664314
"Luis De Los Santos","TOR",6,13,14,4,3,1,0,0,0,0,1,0,6,0,0,0,0,0,0,0.307692307,"Luis De Los Santos",21682,665782
"Yandy Díaz","TBR",204,387,438,119,74,26,0,19,68,54,41,4,45,4,6,0,7,0,1,0.30749354,"Yandy Diaz",16578,650490
"Jose Altuve","HOU",169,339,378,104,73,18,0,13,59,36,33,2,74,5,1,0,11,7,5,0.30678466,"Jose Altuve",5417,514888
"Jose Iglesias","- - -",125,212,238,65,43,20,0,2,34,18,18,1,39,6,0,2,3,4,1,0.306603773,"Jose Iglesias",10231,578428
"Romy Gonzalez","BOS",148,274,305,84,49,18,3,14,44,47,25,1,78,2,4,0,8,6,3,0.306569343,"Romy Gonzalez",21562,663853
"Nick Sogard","BOS",41,62,66,19,14,5,0,0,11,4,3,0,15,0,1,0,2,0,1,0.306451612,"Nick Sogard",25483,686765
"Eguy Rosario","SDP",22,36,36,11,2,6,0,3,4,5,0,0,16,0,0,0,0,0,0,0.305555555,"Eguy Rosario",19964,666703
"Cody Bellinger","- - -",252,440,486,134,89,23,6,16,69,84,34,0,65,2,10,0,5,7,3,0.304545454,"Cody Bellinger",15998,641355
"Shea Langeliers","OAK",187,358,387,109,64,17,1,27,51,66,25,2,87,2,2,0,7,3,1,0.304469273,"Shea Langeliers",25816,669127
"Vladimir Guerrero Jr.","TOR",181,322,385,98,65,19,0,14,58,58,60,10,45,2,1,0,9,5,2,0.304347826,"Vladimir Guerrero Jr.",19611,665489
"Juan Yepez","WSN",39,79,88,24,16,6,0,2,16,8,7,0,16,0,1,1,2,1,0,0.303797468,"Juan Yepez",18400,660766
"J.C. Escarra","NYY",22,33,36,10,7,3,0,0,3,5,2,0,6,0,1,0,1,1,0,0.303030303,"J.C. Escarra",20084,641555
"Jackson Chourio","MIL",200,370,406,112,77,20,1,14,61,53,35,6,88,0,1,0,9,22,9,0.302702702,"Jackson Chourio",28806,694192
"Heliot Ramos","SFG",173,331,369,100,54,27,2,17,53,47,31,5,92,4,3,0,6,4,2,0.302114803,"Heliot Ramos",22515,671218
"Brendan Rodgers","- - -",81,156,170,47,34,8,0,5,20,13,13,0,40,0,0,1,2,0,0,0.301282051,"Brendan Rodgers",17907,663898
"Daniel Johnson","- - -",9,10,11,3,2,1,0,0,2,0,0,0,1,1,0,0,0,0,0,0.3,"Daniel Johnson",19643,669288
"Michael Stefanic","- - -",28,50,52,15,13,2,0,0,6,1,2,0,9,0,0,0,3,0,0,0.3,"Michael Stefanic",25353,683021
"Edwin Arroyo","CIN",17,30,31,9,7,1,1,0,5,1,0,0,5,0,1,0,0,0,0,0.3,"Edwin Arroyo",29957,695490
"Lourdes Gurriel Jr.","ARI",168,347,375,104,78,14,0,12,45,48,27,1,50,0,1,0,5,6,2,0.299711815,"Lourdes Gurriel Jr.",19238,666971
"Carlos Correa","- - -",127,241,277,72,46,12,1,13,36,39,32,3,46,1,2,0,6,0,0,0.298755186,"Carlos Correa",14162,621043
"Jacob Wilson","OAK",101,201,216,60,43,9,3,5,27,21,11,0,17,1,1,2,5,2,1,0.298507462,"Jacob Wilson",33266,805779
"Konnor Griffin","PIT",32,57,62,17,12,3,1,1,8,6,4,0,17,0,1,0,2,5,0,0.298245614,"Konnor Griffin",35376,804606
"Taylor Ward","- - -",178,312,365,93,55,22,1,15,52,42,47,2,80,2,4,0,4,2,1,0.298076923,"Taylor Ward",17548,621493
"Billy Cook","PIT",21,37,37,11,7,2,1,1,7,6,0,0,12,0,0,0,0,2,0,0.297297297,"Billy Cook",29573,695257
"Jeremy Peña","HOU",152,297,321,88,61,16,2,9,36,35,17,1,41,4,1,2,5,10,1,0.296296296,"Jeremy Pena",21636,665161
"Alex Call","- - -",109,179,207,53,37,9,0,7,36,30,18,0,36,3,4,3,2,5,0,0.296089385,"Alex Call",19296,669743
"Chase Meidroth","CHW",133,244,271,72,56,12,0,4,35,12,25,0,51,0,0,1,3,6,0,0.295081967,"Chase Meidroth",31580,805367
"Carson Kelly","- - -",147,234,269,69,46,12,1,10,35,31,34,0,44,0,1,0,5,1,1,0.294871794,"Carson Kelly",13620,608348
"Matt Carpenter","STL",17,17,19,5,5,0,0,0,1,3,1,0,5,1,0,0,0,0,0,0.294117647,"Matt Carpenter",8090,572761
"Ben Malgeri","DET",9,17,20,5,3,2,0,0,2,2,2,0,6,0,1,0,0,0,0,0.294117647,"Ben Malgeri",29577,701162
"Cole Carrigg","COL",26,51,59,15,9,4,0,2,12,11,4,1,15,0,2,2,1,1,0,0.294117647,"Cole Carrigg",33253,694249
"Miguel Rojas","LAD",185,310,342,91,58,22,0,11,44,38,28,1,39,2,2,0,9,7,0,0.293548387,"Miguel Rojas",7802,500743
"Tyler Heineman","- - -",52,82,91,24,19,4,0,1,7,8,4,0,15,3,1,1,3,1,0,0.292682926,"Tyler Heineman",13897,623168
"Byron Buxton","MIN",157,287,317,84,45,20,2,17,55,41,26,4,74,2,2,0,0,8,1,0.292682926,"Byron Buxton",14161,621439
"Brett Wisely","SFG",46,65,69,19,10,7,0,2,6,14,2,0,23,1,0,1,0,1,2,0.292307692,"Brett Wisely",27735,689172
"Zach Neto","LAA",163,298,333,87,50,18,2,17,52,39,31,6,87,3,1,0,4,14,6,0.291946308,"Zach Neto",31347,687263
"Luken Baker","- - -",33,48,59,14,8,3,1,2,3,9,10,0,13,0,1,0,3,0,0,0.291666666,"Luken Baker",21497,663609
"Marco Luciano","SFG",14,24,25,7,4,3,0,0,5,1,1,0,7,0,0,0,0,0,1,0.291666666,"Marco Luciano",25616,682617
"Jake McCarthy","- - -",140,247,266,72,56,7,7,2,26,34,10,0,47,7,1,1,3,11,4,0.291497975,"Jake McCarthy",21622,664983
"Kevin Pillar","- - -",79,151,160,44,27,13,1,3,17,25,5,0,29,3,1,0,2,6,1,0.291390728,"Kevin Pillar",12434,607680
"David Bote","CHC",19,31,32,9,5,4,0,0,2,6,1,0,8,0,0,0,1,0,0,0.29032258,"David Bote",14593,623520
"Ozzie Albies","ATL",214,448,472,130,83,32,1,14,58,56,13,2,42,3,8,0,9,3,2,0.290178571,"Ozzie Albies",16556,645277
"Edmundo Sosa","PHI",163,297,329,86,53,17,4,12,42,41,18,0,72,9,4,0,8,5,1,0.289562289,"Edmundo Sosa",17022,624641
"Ryan Mountcastle","BAL",116,222,237,64,48,12,0,4,23,23,13,0,50,1,1,0,6,2,0,0.288288288,"Ryan Mountcastle",18373,663624
"Alika Williams","- - -",38,66,76,19,7,9,2,1,11,7,5,0,16,0,0,5,1,0,0,0.287878787,"Alika Williams",27604,675961
"Adley Rutschman","BAL",196,352,395,101,71,18,1,11,40,49,40,1,51,1,2,0,9,0,1,0.286931818,"Adley Rutschman",26288,668939
"Edgar Quero","CHW",96,185,204,53,40,10,0,3,16,22,13,0,37,2,3,1,3,1,0,0.286486486,"Edgar Quero",28022,700337
"Jurickson Profar","- - -",131,245,282,70,48,11,0,11,35,43,31,3,35,3,2,1,6,3,1,0.285714285,"Jurickson Profar",10815,595777
"Trea Turner","PHI",239,469,516,134,93,24,3,14,91,43,41,1,87,5,1,0,5,34,4,0.285714285,"Trea Turner",16252,607208
"Brian Navarreto","MIA",8,14,14,4,1,2,0,1,3,3,0,0,4,0,0,0,0,0,0,0.285714285,"Brian Navarreto",16398,640459
"Scott Kingery","- - -",10,14,14,4,4,0,0,0,3,0,0,0,4,0,0,0,0,1,0,0.285714285,"Scott Kingery",17975,664068
"Brett Sullivan","- - -",25,35,38,10,6,3,0,1,3,8,1,0,5,1,0,1,1,0,1,0.285714285,"Brett Sullivan",18217,664954
"Akil Baddoo","DET",7,7,7,2,0,1,1,0,1,1,0,0,2,0,0,0,0,0,0,0.285714285,"Akil Baddoo",22168,668731
"Victor Mesa Jr.","- - -",22,28,32,8,5,1,0,2,6,5,2,0,4,0,0,2,0,0,0,0.285714285,"Victor Mesa Jr.",25999,683748
"Jimmy Crooks","STL",15,14,16,4,1,1,0,2,3,2,1,0,5,1,0,0,0,0,0,0.285714285,"Jimmy Crooks",31354,699625
"Ryan Ritter","COL",27,42,46,12,9,3,0,0,6,5,1,0,11,1,1,1,1,0,0,0.285714285,"Ryan Ritter",31500,690022
"Ernie Clement","TOR",237,418,444,119,72,31,4,12,58,36,17,2,46,2,3,4,8,7,2,0.284688995,"Ernie Clement",20352,676391
"Gabriel Moreno","ARI",133,232,265,66,45,17,0,4,37,36,27,2,34,0,6,0,9,2,2,0.284482758,"Gabriel Moreno",22664,672515
"Ryan Jeffers","MIN",173,292,350,83,54,16,1,12,39,45,47,1,64,9,2,0,6,1,1,0.284246575,"Ryan Jeffers",24618,680777
"Shohei Ohtani","LAD",295,560,620,159,92,25,6,36,84,92,52,2,155,5,2,0,11,19,4,0.283928571,"Shohei Ohtani",19755,660271
"Triston Casas","BOS",44,67,73,19,11,4,0,4,9,6,6,0,23,0,0,0,4,0,0,0.283582089,"Triston Casas",22514,671213
"Ildemaro Vargas","- - -",124,261,277,74,52,14,1,7,30,41,11,1,26,2,1,1,4,3,1,0.283524904,"Ildemaro Vargas",13324,545121
"Junior Caminero","TBR",167,300,340,85,53,12,0,20,54,48,36,5,51,1,3,0,13,2,1,0.283333333,"Junior Caminero",28163,691406
"Jake Mangum","- - -",116,191,204,54,46,7,0,1,19,13,8,0,30,3,1,1,2,8,3,0.282722513,"Jake Mangum",26202,663968
"Iván Herrera","STL",184,276,342,78,54,9,0,15,48,44,52,4,54,10,3,0,9,4,1,0.282608695,"Ivan Herrera",20599,671056
"Tyler Fitzgerald","SFG",94,170,191,48,31,8,2,7,27,18,17,0,58,2,1,1,1,11,2,0.282352941,"Tyler Fitzgerald",26208,666149
"Tyler Tolbert","KCR",48,64,71,18,13,3,0,2,13,5,3,0,11,2,1,1,2,11,2,0.28125,"Tyler Tolbert",25779,686475
"Starling Marte","- - -",157,317,355,89,67,14,2,6,43,30,29,0,80,5,2,2,6,9,3,0.280757097,"Starling Marte",9241,516782
"Joey Wiemer","- - -",47,82,95,23,11,6,1,5,15,17,9,1,34,2,2,0,1,1,1,0.280487804,"Joey Wiemer",27690,686894
"Sam Huff","- - -",12,25,27,7,5,1,0,1,3,3,2,0,12,0,0,0,1,0,0,0.28,"Sam Huff",22209,669087
"Sal Stewart","CIN",66,100,116,28,16,5,0,7,13,17,15,3,26,1,0,0,3,4,0,0.28,"Sal Stewart",31505,701398
"Roman Anthony","BOS",70,125,136,35,28,3,0,4,13,12,11,0,46,0,0,0,0,1,0,0.28,"Roman Anthony",31812,701350
"Nathan Church","STL",47,68,74,19,15,2,0,2,9,13,3,0,16,0,1,2,0,2,2,0.279411764,"Nathan Church",31357,701675
"Drake Baldwin","ATL",122,204,227,57,42,4,0,11,33,34,19,0,42,4,0,0,4,0,0,0.279411764,"Drake Baldwin",31539,686948
"Sam Hilliard","COL",32,43,47,12,5,2,0,5,8,16,1,0,20,0,2,1,1,1,0,0.279069767,"Sam Hilliard",17954,656541
"Tristan Gray","- - -",28,43,47,12,7,2,0,3,4,6,2,0,15,1,0,1,0,0,0,0.279069767,"Tristan Gray",19877,656484
"Connor Wong","BOS",131,215,246,60,44,10,0,6,30,26,26,1,51,2,1,2,4,3,1,0.279069767,"Connor Wong",19896,657136
"Marcelo Mayer","BOS",34,43,45,12,7,2,1,2,7,8,1,0,12,0,1,0,0,0,0,0.279069767,"Marcelo Mayer",29668,691785
"Yainer Diaz","HOU",174,319,341,89,65,12,0,12,41,44,17,3,63,1,4,0,7,1,1,0.278996865,"Yainer Diaz",23003,673237
"Michael Conforto","- - -",121,165,190,46,25,12,0,9,24,25,19,0,46,5,1,0,4,0,1,0.278787878,"Michael Conforto",16376,624424
"Luis Arraez","- - -",247,488,533,136,109,17,4,6,57,44,17,0,37,8,4,16,12,2,1,0.278688524,"Luis Arraez",18568,650333
"Griffin Conine","MIA",39,54,58,15,10,4,0,1,9,7,3,0,15,1,0,0,0,0,0,0.277777777,"Griffin Conine",21626,665052
"Juan Brito","CLE",9,18,20,5,3,2,0,0,3,2,2,0,8,0,0,0,1,0,0,0.277777777,"Juan Brito",26693,682877
"Willson Contreras","- - -",160,285,340,79,42,20,1,16,50,53,46,3,74,7,1,1,14,4,3,0.277192982,"Willson Contreras",11609,575929
"Kyle Schwarber","PHI",309,581,686,161,94,17,3,47,98,112,94,0,192,11,0,0,7,6,5,0.277108433,"Kyle Schwarber",16478,656941
"Josh Jung","TEX",142,249,273,69,48,13,0,8,41,27,22,0,52,2,0,0,8,2,1,0.277108433,"Josh Jung",26299,673962
"Mark Vientos","NYM",181,347,370,96,52,25,1,18,40,57,19,0,93,1,3,0,9,0,0,0.27665706,"Mark Vientos",22184,668901
"Harold Ramírez","- - -",44,94,96,26,22,2,0,2,12,14,2,0,18,0,0,0,0,0,0,0.276595744,"Harold Ramirez",14387,623912
"Bryan De La Cruz","- - -",97,192,201,53,35,14,0,4,17,24,6,0,51,1,2,0,3,2,0,0.276041666,"Bryan De La Cruz",19600,650559
"Dansby Swanson","CHC",204,337,370,93,60,14,3,16,70,46,27,2,98,1,4,1,2,9,3,0.275964391,"Dansby Swanson",18314,621020
"Warming Bernabel","COL",15,29,29,8,7,0,0,1,2,5,0,0,2,0,0,0,0,0,1,0.275862068,"Warming Bernabel",26536,682653
"Blaze Jordan","STL",15,29,29,8,4,2,2,0,4,4,0,0,2,0,0,0,1,0,0,0.275862068,"Blaze Jordan",28199,691458
"Wilyer Abreu","BOS",162,236,268,65,39,18,1,7,36,34,26,0,50,3,1,2,9,5,2,0.275423728,"Wilyer Abreu",23772,677800
"Maikel Garcia","KCR",171,316,356,87,51,25,4,7,53,37,35,0,46,0,3,2,3,12,1,0.275316455,"Maikel Garcia",22715,672580
"Dane Myers","- - -",145,229,262,63,37,19,1,6,34,37,24,0,61,6,3,0,6,11,1,0.27510917,"Dane Myers",22054,667472
"Nick Gonzales","PIT",158,284,308,78,55,15,2,6,34,32,19,1,63,2,3,0,3,2,1,0.274647887,"Nick Gonzales",27490,693304
"Jo Adell","LAA",175,299,325,82,43,13,3,23,46,60,21,1,68,3,2,0,9,4,2,0.274247491,"Jo Adell",20220,666176
"Lenyn Sosa","- - -",161,292,306,80,54,16,0,10,29,44,9,1,67,1,3,1,2,0,0,0.273972602,"Lenyn Sosa",22896,672820
"Ramón Urías","- - -",128,201,222,55,35,10,0,10,28,32,16,0,50,4,1,0,2,1,1,0.27363184,"Ramon Urias",18795,602104
"Bryan Reynolds","PIT",264,457,508,125,80,27,0,18,52,73,47,1,125,2,2,0,11,6,0,0.273522975,"Bryan Reynolds",19326,668804
"Tommy Edman","LAD",97,172,184,47,25,9,1,12,34,33,9,0,33,2,1,0,3,4,1,0.273255813,"Tommy Edman",19470,669242
"Amed Rosario","- - -",158,326,349,89,55,24,1,9,31,41,16,0,60,3,4,0,10,5,3,0.273006134,"Amed Rosario",15518,642708
"John Rave","KCR",21,22,27,6,5,0,1,0,4,1,3,0,5,1,0,1,0,3,0,0.272727272,"John Rave",26284,670231
"Pedro Ramírez","CHC",5,11,11,3,1,1,0,1,4,2,0,0,1,0,0,0,0,1,0,0.272727272,"Pedro Ramirez",29218,699393
"Daulton Varsho","TOR",136,213,235,58,38,13,1,6,34,24,18,0,45,3,1,0,0,7,0,0.272300469,"Daulton Varsho",19918,662139
"Nasim Nuñez","WSN",84,136,162,37,29,5,0,3,27,15,23,0,29,1,0,2,4,19,2,0.272058823,"Nasim Nunez",25979,683083
"Austin Martin","MIN",133,217,260,59,40,17,0,2,38,14,35,0,45,5,2,1,3,10,6,0.2718894,"Austin Martin",27462,668885
"Matt Olson","ATL",269,537,591,146,82,37,2,25,75,82,42,1,152,7,5,0,11,1,0,0.271880819,"Matt Olson",14344,621566
"William Contreras","MIL",230,390,461,106,73,24,0,9,61,52,63,9,90,3,5,0,9,5,2,0.271794871,"William Contreras",20503,661388
"Hao-Yu Lee","DET",41,70,74,19,12,4,1,2,5,7,3,0,18,0,0,1,0,0,0,0.271428571,"Hao-Yu Lee",30080,701678
"Brent Rooker","OAK",174,306,348,83,46,20,0,17,44,47,40,8,80,0,2,0,2,6,1,0.27124183,"Brent Rooker",19627,667670
"Randal Grichuk","- - -",242,424,463,115,60,33,2,20,54,64,33,2,96,4,2,0,6,0,1,0.271226415,"Randal Grichuk",10243,545341
"Matt Vierling","DET",167,273,306,74,51,16,1,6,34,39,27,1,60,1,5,0,2,2,1,0.271062271,"Matt Vierling",21558,663837
"Kevin McGonigle","DET",65,107,120,29,23,4,0,2,13,9,12,0,23,1,0,0,1,2,0,0.271028037,"Kevin McGonigle",33572,805808
"Joey Bart","- - -",113,181,208,49,34,6,0,9,21,26,21,0,63,6,0,0,2,0,1,0.270718232,"Joey Bart",21524,663698
"Brenton Doyle","COL",165,314,344,85,56,18,1,10,51,32,26,0,74,1,2,1,7,10,2,0.270700636,"Brenton Doyle",25479,686668
"Manuel Margot","- - -",82,170,186,46,33,10,0,3,21,18,13,0,29,0,3,0,5,3,0,0.270588235,"Manuel Margot",14712,622534
"Abraham Toro","- - -",77,148,160,40,28,9,1,2,19,12,5,1,20,3,2,2,1,2,2,0.27027027,"Abraham Toro",19844,647351
"Blaze Alexander","- - -",123,222,253,60,42,11,2,5,31,27,24,1,69,4,1,2,3,7,2,0.27027027,"Blaze Alexander",23789,677942
"Dillon Dingler","DET",137,237,259,64,34,19,2,9,34,41,18,1,62,1,3,0,4,0,0,0.270042194,"Dillon Dingler",27464,693307
"Carter Jensen","KCR",68,100,108,27,18,7,0,2,12,15,7,0,24,1,0,0,0,1,0,0.27,"Carter Jensen",29478,695600
"James Wood","WSN",254,464,511,125,80,23,1,21,61,68,44,3,150,2,1,0,7,14,4,0.269396551,"James Wood",29518,695578
"Bryce Eldridge","SFG",38,52,58,14,7,5,0,2,8,7,6,0,14,0,0,0,0,1,0,0.269230769,"Bryce Eldridge",33390,805811
"Henry Bolte","ATH",34,67,73,18,13,2,0,3,9,9,2,0,25,3,0,0,3,4,0,0.268656716,"Henry Bolte",31448,703607
"Isaac Paredes","- - -",155,283,325,76,51,15,1,9,33,43,32,0,51,9,1,0,7,1,0,0.268551236,"Isaac Paredes",20036,670623
"Bryce Harper","PHI",291,540,618,145,90,32,1,22,69,82,70,1,143,2,5,1,11,7,4,0.268518518,"Bryce Harper",11579,547180
"Ramón Laureano","- - -",159,287,316,77,46,16,0,15,47,44,23,1,80,3,3,0,5,8,3,0.268292682,"Ramon Laureano",17128,657656
"Casey Schmitt","SFG",134,250,271,67,42,14,1,10,26,32,16,2,56,3,2,0,3,2,0,0.268,"Casey Schmitt",27577,669477
"Seiya Suzuki","CHC",229,351,419,94,57,17,1,19,50,58,60,5,91,2,6,0,5,9,1,0.267806267,"Seiya Suzuki",30116,673548
"Brady House","WSN",72,127,136,34,24,8,0,2,12,13,8,0,39,0,1,0,5,2,2,0.267716535,"Brady House",29993,691781
"Chandler Simpson","TBR",133,213,227,57,51,3,3,0,23,11,8,0,23,0,2,3,3,12,5,0.267605633,"Chandler Simpson",31912,802415
"Michael Harris II","ATL",232,441,469,118,80,20,3,15,52,58,16,0,98,6,4,2,3,6,4,0.267573696,"Michael Harris II",25931,671739
"Alec Bohm","PHI",219,401,434,107,64,28,0,15,43,69,28,1,54,2,3,0,17,3,2,0.266832917,"Alec Bohm",21618,664761
"Ben Gamel","- - -",15,15,18,4,3,1,0,0,8,0,3,0,5,0,0,0,0,1,0,0.266666666,"Ben Gamel",12160,592325
"Jorbit Vivas","- - -",28,30,35,8,7,1,0,0,6,0,4,0,2,0,0,1,1,0,0,0.266666666,"Jorbit Vivas",23917,678391
"TJ Rumfield","COL",60,105,117,28,22,3,1,2,8,14,11,0,16,1,0,0,1,0,0,0.266666666,"TJ Rumfield",29805,681198
"Angel Martínez","CLE",152,259,294,69,48,12,1,8,53,32,22,0,53,5,4,4,4,8,3,0.266409266,"Angel Martinez",26540,682657
"Hunter Goodman","COL",178,323,355,86,43,20,1,22,60,59,27,3,109,3,2,0,9,0,1,0.266253869,"Hunter Goodman",29715,696100
"Jordan Beck","COL",114,218,234,58,35,14,2,7,25,22,14,1,73,1,1,0,5,6,2,0.266055045,"Jordan Beck",31431,687597
"Lane Thomas","- - -",156,271,315,72,45,17,1,9,35,34,38,1,66,3,3,0,4,16,5,0.265682656,"Lane Thomas",16939,657041
"Josh Naylor","- - -",246,437,476,116,79,23,1,13,50,69,31,1,88,6,2,0,15,23,3,0.265446224,"Josh Naylor",18839,647304
"Marcell Ozuna","- - -",175,328,392,87,58,17,0,12,43,43,61,3,106,0,2,0,7,0,0,0.265243902,"Marcell Ozuna",10324,542303
"Santiago Espinal","- - -",160,264,293,70,49,14,0,7,27,36,21,1,29,0,4,4,9,5,1,0.265151515,"Santiago Espinal",19997,669289
"Miles Mastrobuoni","- - -",32,34,37,9,6,3,0,0,5,2,1,0,6,0,0,2,0,0,0,0.264705882,"Miles Mastrobuoni",20017,670156
"Teoscar Hernández","LAD",179,333,367,88,49,19,1,19,50,54,29,4,85,4,1,0,10,3,4,0.264264264,"Teoscar Hernandez",13066,606192
"Brandon Nimmo","- - -",255,428,473,113,76,22,1,14,55,62,27,0,109,14,4,0,6,12,0,0.264018691,"Brandon Nimmo",12927,607043
"JJ Wetherholt","STL",81,125,147,33,26,4,0,3,13,9,17,0,22,3,2,0,0,1,0,0.264,"JJ Wetherholt",34985,802139
"Richie Palacios","TBR",62,72,83,19,16,2,1,0,12,11,10,0,18,0,1,0,1,5,1,0.263888888,"Richie Palacios",24589,680700
"Christian Yelich","MIL",202,345,387,91,68,11,2,10,46,57,36,1,94,4,0,2,2,14,1,0.263768115,"Christian Yelich",11477,592885
"Avisaíl García","MIA",17,38,39,10,7,1,0,2,4,2,1,0,11,0,0,0,3,0,0,0.263157894,"Avisail Garcia",5760,541645
"Xavier Edwards","MIA",199,346,386,91,77,6,4,4,39,26,35,2,64,0,2,3,4,29,5,0.26300578,"Xavier Edwards",22266,669364
"J.D. Martinez","NYM",64,118,138,31,19,6,0,6,18,24,18,0,38,2,0,0,1,0,0,0.262711864,"J.D. Martinez",6184,502110
"Justin Turner","- - -",129,217,250,57,36,15,0,6,27,30,26,2,45,3,4,0,3,2,1,0.262672811,"Justin Turner",5235,457759
"Salvador Perez","KCR",209,377,407,99,66,18,0,15,34,51,20,10,75,7,3,0,8,0,0,0.262599469,"Salvador Perez",7304,521692
"Kevin Newman","- - -",88,160,169,42,29,10,1,2,25,14,5,1,24,0,1,3,5,5,0,0.2625,"Kevin Newman",17696,621028
"Keibert Ruiz","WSN",142,252,263,66,45,15,0,6,22,35,8,0,33,2,1,0,11,1,1,0.261904761,"Keibert Ruiz",19610,660688
"Jhonny Pereda","- - -",30,42,47,11,9,1,0,1,9,1,4,0,11,1,0,0,1,0,0,0.261904761,"Jhonny Pereda",19802,640902
"Mookie Betts","LAD",210,382,433,100,67,18,2,13,46,51,43,6,39,1,7,0,14,7,4,0.261780104,"Mookie Betts",13611,605141
"Juan Soto","- - -",283,493,594,129,80,17,4,28,79,95,89,0,102,4,6,1,11,14,3,0.261663286,"Juan Soto",20123,665742
"Mark Canha","- - -",106,172,198,45,33,9,0,3,17,13,20,2,39,4,2,0,2,2,1,0.261627906,"Mark Canha",11445,592192
"Masyn Winn","STL",223,409,453,107,65,29,2,11,59,52,36,1,87,4,4,0,9,10,5,0.261613691,"Masyn Winn",27479,691026
"Andy Ibáñez","- - -",170,283,313,74,52,13,1,8,44,46,21,0,56,4,5,0,5,4,2,0.261484098,"Andy Ibanez",18819,628451
"Kyle Tucker","- - -",235,371,434,97,61,19,3,14,51,57,55,0,75,3,3,0,2,9,1,0.261455525,"Kyle Tucker",18345,663656
"Blake Perkins","MIL",146,241,269,63,44,14,0,5,29,31,26,0,47,0,2,0,6,13,4,0.261410788,"Blake Perkins",19921,663368
"Carson Benge","NYM",48,88,97,23,19,1,0,3,13,11,7,0,27,2,0,0,0,5,1,0.261363636,"Carson Benge",35177,701807
"Corbin Carroll","ARI",261,471,534,123,69,23,12,19,69,65,47,1,115,9,4,3,2,26,2,0.261146496,"Corbin Carroll",25878,682998
"Vaughn Grissom","- - -",53,92,109,24,19,5,0,0,14,10,13,0,16,1,2,0,4,0,0,0.260869565,"Vaughn Grissom",26031,687093
"Matt Shaw","CHC",106,161,178,42,23,9,2,8,28,27,15,0,35,2,0,0,2,7,2,0.260869565,"Matt Shaw",33322,807713
"Carlos Santana","- - -",156,280,315,73,47,10,0,16,38,48,33,3,54,1,1,0,6,2,0,0.260714285,"Carlos Santana",2396,467793
"CJ Abrams","WSN",251,468,507,122,81,24,5,12,59,56,25,0,135,10,4,0,4,23,5,0.26068376,"CJ Abrams",25768,682928
"Jorge Polanco","- - -",138,250,266,65,42,14,0,9,31,33,14,0,53,0,1,1,8,6,2,0.26,"Jorge Polanco",13152,593871
"Coby Mayo","BAL",110,177,199,46,23,9,0,14,28,28,19,0,55,3,0,0,1,1,0,0.259887005,"Coby Mayo",28312,691723
"Mauricio Dubón","- - -",188,358,386,93,59,27,0,7,42,44,22,0,51,2,2,2,10,3,1,0.259776536,"Mauricio Dubon",16530,643289
"Charlie Blackmon","COL",70,104,114,27,18,6,2,1,5,10,8,0,13,2,0,0,2,2,1,0.259615384,"Charlie Blackmon",7859,453568
"Jordan Walker","STL",137,239,271,62,39,13,0,10,45,36,30,2,64,2,0,0,7,6,2,0.259414225,"Jordan Walker",27475,691023
"Xander Bogaerts","SDP",183,324,363,84,59,18,1,6,32,30,34,4,50,0,5,0,9,15,3,0.259259259,"Xander Bogaerts",12161,593428
"Darell Hernaiz","OAK",79,135,157,35,29,3,1,2,14,15,17,0,22,1,2,2,1,4,3,0.259259259,"Darell Hernaiz",26224,687231
"Rob Refsnyder","- - -",181,328,381,85,51,16,0,18,41,57,41,3,95,7,5,0,8,1,0,0.259146341,"Rob Refsnyder",13770,608701
"Eric Wagaman","- - -",121,220,236,57,35,14,1,7,26,30,14,0,48,1,1,0,5,1,0,0.259090909,"Eric Wagaman",23395,676572
"Willi Castro","- - -",209,363,390,94,64,18,2,10,49,31,21,0,98,6,0,0,8,8,4,0.258953168,"Willi Castro",17338,650489
"Ty France","- - -",186,313,348,81,52,19,1,9,37,32,23,2,70,10,2,0,8,0,2,0.258785942,"Ty France",17982,664034
"Garrett Mitchell","MIL",81,120,140,31,24,5,2,0,11,11,12,0,42,3,1,4,2,2,3,0.258333333,"Garrett Mitchell",27555,669003
"Otto Lopez","MIA",213,399,426,103,76,19,2,6,40,34,20,1,69,0,5,1,4,13,4,0.258145363,"Otto Lopez",19608,672640
"Anthony Seigler","- - -",16,31,36,8,5,2,0,1,4,4,3,0,5,0,1,1,0,0,0,0.258064516,"Anthony Seigler",23802,678011
"Heriberto Hernández","MIA",105,190,218,49,27,10,1,11,24,31,25,1,57,1,2,0,3,3,0,0.257894736,"Heriberto Hernandez",24878,681715
"Julio Rodríguez","SEA",205,415,453,107,67,16,1,23,66,58,36,5,106,2,0,0,7,14,3,0.257831325,"Julio Rodriguez",23697,677594
"Kyle Farmer","- - -",128,229,252,59,39,10,1,9,25,26,19,1,50,4,0,0,8,2,3,0.257641921,"Kyle Farmer",14813,571657
"Sal Frelick","MIL",198,307,343,79,63,14,0,2,37,31,21,0,46,7,3,3,3,8,3,0.25732899,"Sal Frelick",29622,686217
"Javier Báez","DET",111,210,218,54,41,7,2,4,27,26,6,0,50,1,1,0,2,6,2,0.257142857,"Javier Baez",12979,595879
"David Villar","SFG",16,35,39,9,5,4,0,0,5,1,3,0,12,1,0,0,1,0,0,0.257142857,"David Villar",24782,681584
"Hyeseong Kim","LAD",31,35,36,9,7,1,0,1,3,3,1,0,13,0,0,0,0,1,1,0.257142857,"Hyeseong Kim",35322,808975
"Gleyber Torres","- - -",207,323,388,83,47,21,0,15,69,49,59,1,66,2,4,0,4,5,3,0.256965944,"Gleyber Torres",16997,650402
"Bo Bichette","- - -",153,288,310,74,47,16,0,11,40,48,19,2,41,1,2,0,10,1,1,0.256944444,"Bo Bichette",19612,666182
"José Tena","WSN",47,74,80,19,13,5,1,0,8,9,5,0,19,1,0,0,1,1,1,0.256756756,"Jose Tena",23691,677588
"Curtis Mead","- - -",151,273,307,70,48,13,1,8,35,27,26,0,59,7,1,0,7,7,2,0.256410256,"Curtis Mead",23986,678554
"Freddie Freeman","LAD",268,465,530,119,73,25,2,19,52,55,48,2,102,10,7,0,16,6,0,0.255913978,"Freddie Freeman",5361,518692
"Nick Ahmed","- - -",52,86,94,22,19,1,1,1,9,8,7,0,20,0,1,0,4,3,1,0.255813953,"Nick Ahmed",12147,605113
"Sam Haggerty","- - -",73,129,141,33,24,7,2,0,18,7,9,1,34,2,0,0,1,6,2,0.255813953,"Sam Haggerty",18054,664059
"Steven Kwan","CLE",253,434,491,111,93,13,0,5,55,30,46,2,53,4,4,3,8,12,3,0.255760368,"Steven Kwan",24610,680757
"Nolan Arenado","- - -",179,325,353,83,57,16,0,10,49,38,22,4,39,1,5,0,10,2,0,0.255384615,"Nolan Arenado",9777,571448
"Alex Bregman","- - -",217,372,431,95,68,13,1,13,49,54,53,5,53,3,3,0,9,2,2,0.255376344,"Alex Bregman",17678,608324
"Danny Mendick","CHW",31,47,53,12,7,3,0,2,4,5,5,0,10,0,0,1,0,4,0,0.255319148,"Danny Mendick",18889,664901
"Christian Koss","SFG",30,47,51,12,11,1,0,0,4,2,2,0,17,2,0,0,0,0,0,0.255319148,"Christian Koss",27653,683766
"Jung Hoo Lee","SFG",171,298,314,76,59,7,4,6,27,32,12,0,50,2,2,0,4,2,0,0.255033557,"Jung Hoo Lee",33824,808982
"Jacob Young","WSN",196,322,361,82,62,17,1,2,54,24,28,0,64,6,1,4,5,23,12,0.254658385,"Jacob Young",29931,696285
"Jeremiah Jackson","BAL",63,110,118,28,19,6,1,2,12,18,6,0,34,1,0,1,3,1,0,0.254545454,"Jeremiah Jackson",22239,669236
"Brice Turang","MIL",237,393,434,100,78,16,2,4,52,41,35,0,100,2,2,2,5,25,4,0.254452926,"Brice Turang",22186,668930
"Yohel Pozo","STL",37,59,61,15,11,3,0,1,5,9,1,0,6,0,1,0,7,0,0,0.254237288,"Yohel Pozo",18848,650968
"Mike Tauchman","- - -",92,122,140,31,22,5,0,4,19,15,16,0,32,2,0,0,4,3,0,0.25409836,"Mike Tauchman",15274,643565
"Freddy Fermin","- - -",143,244,271,62,45,13,0,4,21,22,20,2,47,2,0,5,6,1,1,0.25409836,"Freddy Fermin",21840,666023
"Spencer Torkelson","DET",213,327,382,83,40,25,1,17,47,48,51,6,87,0,4,0,4,1,1,0.253822629,"Spencer Torkelson",27465,679529
"Jonathan Aranda","TBR",139,205,242,52,43,7,0,2,28,18,30,0,64,5,2,0,4,0,0,0.253658536,"Jonathan Aranda",21837,666018
"Emmanuel Rivera","- - -",86,146,163,37,27,7,1,2,15,19,14,0,34,1,2,0,5,2,0,0.253424657,"Emmanuel Rivera",19890,656896
"Ryan O'Hearn","- - -",168,233,255,59,38,13,1,7,34,36,16,0,58,5,1,0,8,0,0,0.253218884,"Ryan O'Hearn",16442,656811
"Dylan Crews","WSN",84,170,186,43,30,6,1,6,28,13,13,0,40,3,0,0,3,15,0,0.252941176,"Dylan Crews",33541,686611
"Nicky Lopez","- - -",67,91,100,23,23,0,0,0,10,3,2,0,14,2,0,5,0,4,1,0.252747252,"Nicky Lopez",19339,670032
"Corey Julks","CHW",50,91,99,23,19,3,0,1,6,7,7,0,30,0,1,0,1,4,1,0.252747252,"Corey Julks",20311,667452
"Adam Duvall","ATL",61,107,123,27,15,4,0,8,17,19,13,0,28,2,1,0,2,0,0,0.252336448,"Adam Duvall",10950,594807
"Luisangel Acuña","- - -",79,139,151,35,26,6,1,2,16,10,8,0,26,1,1,2,2,11,2,0.251798561,"Luisangel Acuna",26548,682668
"Weston Wilson","- - -",84,155,175,39,23,8,1,7,24,19,16,0,49,3,1,0,2,5,1,0.251612903,"Weston Wilson",19358,642215
"Michael Massey","KCR",102,159,169,40,27,9,1,3,18,20,4,0,41,1,1,4,2,1,0,0.251572327,"Michael Massey",27684,686681
"Victor Robles","- - -",92,171,190,43,34,8,0,1,20,14,12,0,35,2,2,3,4,18,2,0.251461988,"Victor Robles",18363,645302
"Javier Sanoja","MIA",128,215,233,54,34,13,2,5,21,25,12,0,31,2,1,3,1,4,4,0.25116279,"Javier Sanoja",28253,691594
"Wyatt Langford","TEX",165,283,335,71,40,11,5,15,48,39,50,3,85,1,1,0,3,7,5,0.250883392,"Wyatt Langford",33333,694671
"Ke'Bryan Hayes","- - -",134,228,252,57,43,10,0,4,26,24,18,1,43,3,3,0,8,7,2,0.25,"Ke'Bryan Hayes",18577,663647
"José Azócar","- - -",38,60,65,15,12,3,0,0,12,1,4,0,13,0,0,1,0,3,1,0.25,"Jose Azocar",18821,640492
"Zach Remillard","CHW",11,20,23,5,4,0,1,0,3,1,2,0,5,0,0,1,1,1,0,0.25,"Zach Remillard",19788,621545
"Jason Delay","PIT",3,4,6,1,0,1,0,0,0,3,1,0,0,0,0,1,0,0,0,0.25,"Jason Delay",19806,641511
"Stuart Fairchild","- - -",100,156,181,39,28,5,1,5,29,24,23,0,49,1,0,1,3,12,2,0.25,"Stuart Fairchild",20321,656413
"Coco Montes","TBR",4,8,8,2,2,0,0,0,0,1,0,0,2,0,0,0,0,0,0,0.25,"Coco Montes",21547,663796
"Alejandro Kirk","TOR",141,244,273,61,38,16,1,6,19,35,27,3,46,0,2,0,6,0,0,0.25,"Alejandro Kirk",22581,672386
"Nelson Velázquez","- - -",64,104,121,26,14,6,1,5,17,17,13,0,33,2,2,0,1,1,0,0.25,"Nelson Velazquez",23359,676369
"Blaine Crim","- - -",7,12,15,3,2,0,0,1,2,5,1,0,3,0,2,0,0,0,0,0.25,"Blaine Crim",25714,688760
"Jared Triolo","PIT",163,276,311,69,49,14,2,4,34,17,30,1,65,2,2,1,2,8,2,0.25,"Jared Triolo",25807,669707
"Justin Foscue","TEX",48,84,94,21,9,7,0,5,9,17,9,0,25,1,0,0,1,0,0,0.25,"Justin Foscue",27501,679822
"Thomas Saggese","STL",59,104,111,26,19,3,1,3,15,8,6,0,34,0,1,0,2,1,1,0.25,"Thomas Saggese",27883,695336
"Trey Sweeney","DET",53,72,79,18,15,1,1,1,9,7,5,0,25,0,2,0,1,0,0,0.25,"Trey Sweeney",29575,700242
"Justyn-Henry Malloy","DET",71,104,131,26,15,7,1,3,14,20,23,0,36,3,1,0,1,0,0,0.25,"Justyn-Henry Malloy",29606,669234
"Tyler Black","MIL",6,8,8,2,1,1,0,0,1,0,0,0,1,0,0,0,1,0,0,0.25,"Tyler Black",29949,672012
"Harry Ford","- - -",5,8,10,2,1,1,0,0,2,3,1,0,4,0,1,0,0,0,0,0.25,"Harry Ford",29958,695670
"Jace Jung","DET",12,12,14,3,3,0,0,0,4,1,2,0,3,0,0,0,1,0,0,0.25,"Jace Jung",31437,690291
"Spencer Jones","NYY",11,12,14,3,1,2,0,0,3,0,2,0,5,0,0,0,0,0,0,0.25,"Spencer Jones",31532,682987
"A.J. Ewing","NYM",34,56,64,14,8,3,1,2,5,7,6,0,17,0,1,1,1,1,1,0.25,"A.J. Ewing",33656,805999
"Jackson Merrill","SDP",219,401,429,100,67,21,2,10,36,51,22,0,83,1,4,1,4,14,0,0.249376558,"Jackson Merrill",29490,701538
"Jonathan India","- - -",156,253,309,63,44,12,1,6,44,25,41,0,63,9,4,2,4,3,2,0.249011857,"Jonathan India",21523,663697
"Jordan Westburg","BAL",99,201,218,50,32,7,1,10,28,30,14,0,54,1,1,1,1,2,2,0.248756218,"Jordan Westburg",27815,676059
"Nick Castellanos","- - -",195,362,392,90,56,18,0,16,42,62,24,3,97,3,3,0,7,2,0,0.248618784,"Nick Castellanos",11737,592206
"Ezequiel Tovar","COL",193,362,397,90,55,23,1,11,47,39,28,1,118,2,3,1,5,6,2,0.248618784,"Ezequiel Tovar",24064,678662
"Francisco Alvarez","NYM",118,181,208,45,26,8,1,10,22,29,26,0,46,1,0,0,9,1,1,0.248618784,"Francisco Alvarez",26121,682626
"Marcus Semien","- - -",196,354,403,88,66,11,2,9,51,33,44,1,69,1,4,0,5,10,1,0.24858757,"Marcus Semien",12533,543760
"Eli White","ATL",100,173,188,43,26,6,2,9,28,30,13,1,46,1,1,0,3,6,1,0.248554913,"Eli White",19346,642201
"Christian Walker","- - -",182,334,381,83,55,16,0,12,47,57,35,3,93,7,5,0,11,1,1,0.248502994,"Christian Walker",13419,572233
"Tyler Soderstrom","OAK",149,250,270,62,41,9,1,11,28,40,18,0,69,2,0,0,5,3,0,0.248,"Tyler Soderstrom",27467,691016
"Spencer Steer","CIN",208,343,398,85,46,25,0,14,52,55,49,1,78,3,2,0,4,9,2,0.247813411,"Spencer Steer",26323,668715
"Brooks Lee","MIN",188,327,350,81,64,8,0,9,24,38,16,0,71,4,2,1,5,3,1,0.247706422,"Brooks Lee",31595,686797
"Derek Hill","- - -",114,198,219,49,28,8,2,11,22,29,13,0,75,2,0,6,2,8,3,0.247474747,"Derek Hill",16947,656537
"Elly De La Cruz","CIN",287,485,533,120,82,17,2,19,62,68,40,2,161,5,1,2,8,34,10,0.24742268,"Elly De La Cruz",26668,682829
"Manny Machado","SDP",203,376,427,93,52,18,0,23,60,50,46,8,84,1,4,0,7,9,3,0.247340425,"Manny Machado",11493,592518
"Victor Caratini","- - -",118,186,216,46,33,7,0,6,17,24,15,0,55,13,2,0,4,0,0,0.247311827,"Victor Caratini",14968,605170
"Kazuma Okamoto","TOR",48,81,92,20,13,2,0,5,10,13,9,0,22,2,0,0,1,0,0,0.24691358,"Kazuma Okamoto",37123,672960
"Carlos Narváez","- - -",98,154,171,38,25,9,0,4,23,15,17,0,42,0,0,0,5,1,1,0.246753246,"Carlos Narvaez",19722,665966
"Max Kepler","- - -",116,150,162,37,24,9,0,4,15,20,8,0,37,2,2,0,2,2,0,0.246666666,"Max Kepler",12144,596146
"Nolan Schanuel","LAA",187,296,346,73,56,10,0,7,33,38,34,0,55,8,5,3,5,3,1,0.246621621,"Nolan Schanuel",33189,694384
"Jake Fraley","- - -",63,73,77,18,16,1,0,1,15,3,3,0,14,1,0,0,0,3,2,0.246575342,"Jake Fraley",19260,641584
"Joey Ortiz","MIL",208,337,382,83,54,17,3,9,45,37,33,0,73,4,2,6,7,10,5,0.246290801,"Joey Ortiz",25493,687401
"Kyle Karros","COL",77,134,149,33,20,12,0,1,18,7,14,2,33,1,0,0,2,0,0,0.246268656,"Kyle Karros",33252,691720
"JJ Bleday","- - -",157,256,282,63,36,13,0,14,33,40,24,0,67,0,1,1,8,2,1,0.24609375,"JJ Bleday",26368,668709
"Colson Montgomery","CHW",115,187,205,46,21,13,0,12,25,34,12,0,56,6,0,0,2,0,0,0.245989304,"Colson Montgomery",29712,695657
"Ryan Vilade","- - -",57,118,132,29,18,5,1,5,14,21,11,0,29,0,3,0,4,2,0,0.245762711,"Ryan Vilade",22165,668723
"Wenceel Pérez","DET",147,236,258,58,35,10,3,10,32,34,18,0,55,1,3,0,4,3,2,0.245762711,"Wenceel Perez",22857,672761
"Anthony Volpe","NYY",216,387,428,95,65,18,4,8,51,39,36,1,94,1,2,2,8,23,7,0.245478036,"Anthony Volpe",27647,683011
"Fernando Tatis Jr.","SDP",167,326,386,80,55,13,2,10,48,25,57,7,86,2,1,0,5,15,6,0.245398773,"Fernando Tatis Jr.",19709,665487
"Christian Moore","LAA",29,49,52,12,6,3,0,3,6,7,2,0,20,0,1,0,0,1,0,0.244897959,"Christian Moore",34979,695681
"Jakob Marsee","MIA",97,143,171,35,20,9,2,4,23,16,19,0,44,6,2,1,3,8,4,0.244755244,"Jakob Marsee",31370,805300
"Miguel Vargas","- - -",187,327,374,80,45,20,2,13,53,32,43,2,61,1,2,0,3,5,1,0.244648318,"Miguel Vargas",20178,678246
"Daylen Lile","WSN",108,180,197,44,35,5,1,3,20,13,11,0,42,4,1,1,1,3,1,0.244444444,"Daylen Lile",29995,695734
"Trevor Story","BOS",125,221,238,54,37,10,0,7,32,38,13,2,66,3,1,0,2,11,0,0.244343891,"Trevor Story",12564,596115
"Myles Straw","- - -",137,221,246,54,37,14,0,3,25,27,18,0,46,0,3,4,3,4,1,0.244343891,"Myles Straw",17620,664702
"Andruw Monasterio","- - -",107,176,200,43,22,13,1,7,31,29,23,0,43,1,0,0,2,4,3,0.244318181,"Andruw Monasterio",19455,655316
"Jahmai Jones","- - -",133,209,240,51,27,12,1,11,29,28,28,1,65,3,0,0,6,1,2,0.244019138,"Jahmai Jones",18872,663330
"Randy Arozarena","- - -",226,418,475,102,55,28,1,18,66,52,43,0,113,10,4,0,7,11,5,0.244019138,"Randy Arozarena",19290,668227
"Garrett Cooper","- - -",22,41,43,10,6,3,1,0,4,4,2,0,13,0,0,0,1,0,0,0.243902439,"Garrett Cooper",15279,643265
"Francisco Lindor","NYM",209,403,451,98,62,17,0,19,68,53,38,0,61,8,2,0,6,23,1,0.243176178,"Francisco Lindor",12916,596019
"Matt Chapman","SFG",192,329,385,80,47,22,0,11,52,37,54,5,81,0,2,0,2,7,0,0.243161094,"Matt Chapman",16505,656305
"Tyrone Taylor","NYM",160,255,280,62,39,16,1,6,31,21,18,1,57,3,0,4,5,5,2,0.243137254,"Tyrone Taylor",13675,621438
"Robbie Grossman","- - -",62,107,126,26,18,5,0,3,12,11,18,0,30,0,1,0,4,2,0,0.242990654,"Robbie Grossman",5254,543257
"J.P. Crawford","SEA",227,387,456,94,71,13,1,9,45,46,56,0,77,9,1,3,4,5,3,0.242894056,"J.P. Crawford",15491,641487
"Jake Meyers","HOU",145,243,267,59,38,15,1,5,32,23,17,0,54,6,1,0,7,11,3,0.242798353,"Jake Meyers",20308,676694
"Jorge Mateo","- - -",89,173,181,42,24,12,1,5,26,9,7,0,53,1,0,0,0,14,0,0.242774566,"Jorge Mateo",17273,622761
"Jonah Heim","- - -",169,309,337,75,49,10,1,15,39,40,23,0,65,0,5,0,5,1,1,0.242718446,"Jonah Heim",16930,641680
"Donovan Solano","- - -",115,202,219,49,39,4,1,5,13,20,15,0,45,1,1,0,9,0,0,0.242574257,"Donovan Solano",8623,456781
"Jason Heyward","- - -",30,33,34,8,7,0,0,1,7,2,1,0,13,0,0,0,0,0,0,0.242424242,"Jason Heyward",4940,518792
"Jake Bauers","MIL",97,128,144,31,17,9,1,4,15,21,14,0,34,1,1,0,1,3,0,0.2421875,"Jake Bauers",15194,641343
"Michael Busch","CHC",210,285,329,69,46,13,2,8,36,32,34,0,79,7,3,0,2,0,1,0.242105263,"Michael Busch",26319,683737
"Dominic Canzone","SEA",80,95,113,23,19,1,0,3,8,8,15,0,31,2,1,0,1,0,0,0.242105263,"Dominic Canzone",26438,686527
"Josh Smith","TEX",175,252,281,61,49,8,0,4,27,26,16,0,81,7,2,4,4,10,1,0.242063492,"Josh Smith",26396,669701
"Will Smith","LAD",163,269,317,65,37,16,0,12,38,33,44,6,63,3,1,0,5,0,1,0.241635687,"Will Smith",19197,669257
"Ben Williamson","- - -",105,178,192,43,30,11,1,1,23,17,11,0,38,1,0,2,7,5,0,0.241573033,"Ben Williamson",33197,810938
"Anthony Rendon","LAA",17,29,34,7,7,0,0,0,3,2,4,0,5,0,1,0,1,1,0,0.24137931,"Anthony Rendon",12861,543685
"Jose Herrera","ARI",59,83,97,20,15,5,0,0,12,9,8,0,28,0,2,4,2,0,0,0.240963855,"Jose Herrera",17040,645444
"Brendan Donovan","- - -",193,349,387,84,58,23,1,2,34,29,24,0,57,7,6,1,1,2,1,0.240687679,"Brendan Donovan",24679,680977
"Tyler O'Neill","- - -",148,254,298,61,26,11,0,24,47,42,40,5,94,2,2,0,5,3,0,0.24015748,"Tyler O'Neill",15711,641933
"Christian Bethancourt","- - -",26,50,51,12,6,4,0,2,7,8,1,0,13,0,0,0,1,2,0,0.24,"Christian Bethancourt",10028,542194
"Caleb Durbin","- - -",118,200,225,48,34,7,0,7,26,28,12,0,17,8,1,4,1,8,2,0.24,"Caleb Durbin",29646,702332
"Colby Thomas","ATH",75,146,159,35,19,6,0,10,25,26,10,0,50,0,2,1,0,3,2,0.239726027,"Colby Thomas",31855,687515
"Giancarlo Stanton","NYY",123,217,248,52,29,12,0,11,20,43,28,5,73,1,2,0,8,0,0,0.239631336,"Giancarlo Stanton",4949,519317
"Jazz Chisholm Jr.","- - -",243,430,478,103,72,12,3,16,47,62,35,0,131,7,5,1,4,17,8,0.239534883,"Jazz Chisholm Jr.",20454,665862
"Elias Díaz","- - -",118,213,229,51,36,7,0,8,18,28,13,1,45,0,1,2,9,0,0,0.239436619,"Elias Diaz",11680,553869
"J.T. Realmuto","PHI",181,330,359,79,55,16,0,8,31,29,23,1,82,6,0,0,6,4,0,0.239393939,"J.T. Realmuto",11739,592663
"Bryson Stott","PHI",208,293,332,70,56,11,0,3,31,27,33,0,61,2,2,2,5,17,4,0.238907849,"Bryson Stott",26294,681082
"Austin Riley","ATL",158,314,350,75,49,15,1,10,47,31,31,0,88,4,1,0,6,3,0,0.238853503,"Austin Riley",18360,663586
"José Fermín","STL",90,134,147,32,23,7,0,2,15,9,12,0,15,0,0,1,4,4,1,0.23880597,"Jose Fermin",21746,665877
"Jorge Soler","- - -",145,243,286,58,31,18,0,9,42,27,36,0,75,4,3,0,5,0,0,0.238683127,"Jorge Soler",14221,624585
"Jake Burger","- - -",182,336,369,80,45,15,1,19,35,62,24,2,88,2,7,0,4,0,2,0.238095238,"Jake Burger",22275,669394
"Kevin Alcántara","CHC",14,21,23,5,5,0,0,0,2,2,2,0,6,0,0,0,1,0,1,0.238095238,"Kevin Alcantara",25971,682634
"Nick Loftin","KCR",114,189,219,45,33,7,1,4,22,25,20,0,30,5,4,1,7,0,1,0.238095238,"Nick Loftin",27630,679845
"Bryce Teodosio","LAA",36,63,68,15,10,4,0,1,3,5,2,0,25,1,1,1,2,2,2,0.238095238,"Bryce Teodosio",29524,669326
"Colt Keith","DET",106,143,153,34,30,3,0,1,19,9,9,0,38,1,0,0,3,2,0,0.237762237,"Colt Keith",27899,690993
"Royce Lewis","MIN",150,257,290,61,37,14,0,10,33,33,29,2,56,1,3,0,8,4,1,0.237354085,"Royce Lewis",20437,668904
"Esteury Ruiz","- - -",64,97,118,23,9,6,1,7,19,17,15,0,36,3,3,0,0,13,4,0.237113402,"Esteury Ruiz",21780,665923
"Ezequiel Duran","TEX",132,245,265,58,45,11,0,2,15,27,17,0,73,1,2,0,3,5,1,0.236734693,"Ezequiel Duran",23733,677649
"Yasmani Grandal","PIT",33,55,60,13,10,3,0,0,5,5,4,0,14,0,0,1,3,0,0,0.236363636,"Yasmani Grandal",11368,518735
"Everson Pereira","- - -",27,55,61,13,8,2,0,3,6,8,6,0,25,0,0,0,0,2,0,0.236363636,"Everson Pereira",23695,677592
"Gary Sánchez","- - -",111,199,234,47,32,3,1,11,29,37,29,0,52,2,4,0,7,0,0,0.236180904,"Gary Sanchez",11442,596142
"Miguel Sanó","LAA",11,17,21,4,3,1,0,0,1,0,4,0,3,0,0,0,1,0,0,0.235294117,"Miguel Sano",12164,593934
"Jack López","LAA",10,17,20,4,4,0,0,0,1,2,1,0,7,1,0,1,0,0,0,0.235294117,"Jack Lopez",13663,605346
"Tim Anderson","- - -",51,102,108,24,22,2,0,0,10,2,5,0,31,0,0,1,1,3,1,0.235294117,"Tim Anderson",15172,641313
"Luis Torrens","NYM",94,153,168,36,22,10,1,3,17,13,11,0,36,2,1,1,5,0,1,0.235294117,"Luis Torrens",15905,620443
"Chadwick Tromp","- - -",18,34,34,8,5,3,0,0,2,3,0,0,10,0,0,0,1,0,0,0.235294117,"Chadwick Tromp",16953,644433
"Eloy Jiménez","- - -",56,102,107,24,19,5,0,0,4,4,5,0,19,0,0,0,2,2,0,0.235294117,"Eloy Jimenez",17484,650391
"Donovan Walton","- - -",14,17,18,4,2,0,0,2,3,2,0,0,3,0,0,1,1,0,0,0.235294117,"Donovan Walton",19314,622268
"Braxton Fulford","COL",50,81,90,19,10,7,2,0,8,11,6,0,32,1,2,0,1,2,0,0.234567901,"Braxton Fulford",29704,690924
"LaMonte Wade Jr.","- - -",53,64,79,15,11,4,0,0,4,7,11,0,13,1,1,2,0,1,0,0.234375,"LaMonte Wade Jr.",18126,664774
"Ceddanne Rafaela","BOS",237,393,424,92,53,20,6,13,68,51,20,1,111,7,2,2,3,7,6,0.234096692,"Ceddanne Rafaela",24262,678882
"Jesse Winker","- - -",69,94,109,22,14,6,1,1,11,11,11,0,30,3,1,0,2,6,1,0.234042553,"Jesse Winker",13590,608385
"Pete Crow-Armstrong","CHC",242,376,423,88,59,13,3,13,44,52,24,0,116,10,8,5,0,15,6,0.234042553,"Pete Crow-Armstrong",27769,691718
"Jose Fernandez","ARI",27,47,50,11,9,2,0,0,7,4,2,0,12,0,0,1,1,2,0,0.234042553,"Jose Fernandez",28020,699912
"Ryan Bliss","SEA",30,47,52,11,6,2,1,2,4,6,5,0,19,0,0,0,1,4,3,0.234042553,"Ryan Bliss",29547,669208
"Luis Rengifo","- - -",137,231,246,54,38,10,2,4,29,15,13,1,46,1,1,0,6,6,2,0.233766233,"Luis Rengifo",19858,650859
"Daz Cameron","- - -",55,107,118,25,15,4,1,5,16,13,10,0,36,0,1,0,2,2,0,0.233644859,"Daz Cameron",18353,663662
"Brandon Lockridge","- - -",62,107,117,25,17,6,1,1,13,8,8,0,31,0,0,2,0,4,1,0.233644859,"Brandon Lockridge",21496,663604
"Tyler Freeman","- - -",171,300,338,70,50,15,0,5,41,27,22,1,48,11,2,3,11,10,7,0.233333333,"Tyler Freeman",22532,671289
"Owen Caissie","MIA",27,30,34,7,5,2,0,0,2,5,2,0,18,1,1,0,0,1,0,0.233333333,"Owen Caissie",27496,683357
"Tyler Stephenson","CIN",153,236,275,55,30,15,0,10,35,31,37,3,50,1,1,0,4,0,0,0.233050847,"Tyler Stephenson",17988,663886
"Kyle Higashioka","- - -",130,232,248,54,29,11,1,13,24,40,13,0,59,2,1,0,3,3,1,0.23275862,"Kyle Higashioka",5517,543309
"Will Wilson","- - -",24,43,51,10,5,4,0,1,7,3,4,0,18,1,0,3,0,1,0,0.232558139,"Will Wilson",25434,669717
"Alejandro Osuna","TEX",33,43,48,10,9,1,0,0,5,6,2,0,9,3,0,0,1,0,1,0.232558139,"Alejandro Osuna",27915,696030
"Parker Meadows","DET",64,99,109,23,16,5,1,1,11,5,8,0,31,1,0,1,0,0,2,0.232323232,"Parker Meadows",23800,678009
"Jon Berti","- - -",37,56,60,13,13,0,0,0,7,0,2,0,8,1,0,1,1,4,1,0.232142857,"Jon Berti",12037,542932
"Agustín Ramírez","MIA",101,181,203,42,27,6,2,7,22,20,18,3,49,3,1,0,5,5,2,0.232044198,"Agustin Ramirez",26546,682663
"Logan O'Hoppe","LAA",143,229,255,53,39,6,0,8,26,23,24,0,68,2,0,0,8,0,2,0.231441048,"Logan O'Hoppe",24729,681351
"José Caballero","- - -",191,307,351,71,41,19,1,10,50,37,32,1,113,6,2,4,4,27,10,0.231270358,"Jose Caballero",23401,676609
"Pete Alonso","- - -",255,446,504,103,60,21,0,22,60,60,47,7,132,9,2,0,5,2,0,0.230941704,"Pete Alonso",19251,624413
"Jack Winkler","MIA",6,13,13,3,1,2,0,0,1,0,0,0,4,0,0,0,0,0,0,0.23076923,"Jack Winkler",29830,676466
"Rafael Flores Jr.","PIT",7,13,16,3,1,1,0,1,1,1,3,0,5,0,0,0,0,0,0,0.23076923,"Rafael Flores Jr.",31991,804668
"Michael Toglia","COL",129,217,242,50,23,14,1,12,23,30,22,0,70,0,3,0,6,1,1,0.230414746,"Michael Toglia",25845,669911
"James McCann","- - -",77,152,163,35,23,7,0,5,16,18,6,0,32,3,1,1,4,0,0,0.230263157,"James McCann",12859,543510
"Hunter Renfroe","KCR",95,152,168,35,21,9,0,5,19,21,15,0,29,0,1,0,4,1,1,0.230263157,"Hunter Renfroe",15464,592669
"Nate Eaton","BOS",31,61,72,14,11,3,0,0,7,3,7,0,18,3,1,0,1,2,2,0.229508196,"Nate Eaton",25055,681987
"Gunnar Henderson","BAL",279,497,560,114,73,18,6,17,51,55,50,0,135,9,4,0,5,12,2,0.229376257,"Gunnar Henderson",26289,683002
"Pedro Pagés","STL",136,240,256,55,40,10,2,3,18,26,12,1,76,1,3,0,7,1,0,0.229166666,"Pedro Pages",25782,686780
"Tim Tawa","ARI",61,96,108,22,16,5,0,1,17,10,9,0,29,0,2,1,3,3,3,0.229166666,"Tim Tawa",29571,694374
"Jordan Lawlar","ARI",29,48,56,11,6,5,0,0,9,6,6,0,14,1,1,0,0,3,0,0.229166666,"Jordan Lawlar",29976,691783
"Ryan McMahon","- - -",205,332,372,76,56,12,0,8,30,28,34,0,116,4,1,1,6,1,3,0.228915662,"Ryan McMahon",15112,641857
"Dalton Rushing","LAD",60,83,96,19,13,5,0,1,12,10,8,0,28,3,2,0,1,0,0,0.228915662,"Dalton Rushing",31382,687221
"Andrew Benintendi","CHW",148,236,254,54,34,9,1,10,29,29,12,0,64,2,2,1,7,1,0,0.228813559,"Andrew Benintendi",17901,643217
"TJ Friedl","CIN",172,271,312,62,51,4,1,6,31,26,28,0,60,10,1,2,5,8,1,0.228782287,"TJ Friedl",19522,670770
"Robert Hassell III","WSN",24,35,38,8,7,1,0,0,4,2,2,0,13,1,0,0,1,0,0,0.228571428,"Robert Hassell III",27482,690987
"Ben Rice","NYY",167,267,300,61,33,9,3,16,38,40,26,0,77,3,3,0,6,2,0,0.228464419,"Ben Rice",29576,700250
"Enrique Hernández","LAD",139,232,254,53,32,8,0,13,36,35,18,0,51,0,4,0,13,0,0,0.228448275,"Enrique Hernandez",10472,571771
"Cedric Mullins","- - -",196,276,313,63,46,11,2,4,30,23,25,0,53,5,2,5,2,11,4,0.228260869,"Cedric Mullins",17929,656775
"Jarren Duran","BOS",287,491,542,112,83,15,6,8,58,52,38,0,140,7,3,3,6,18,6,0.228105906,"Jarren Duran",24617,680776
"Ben Rortvedt","- - -",52,57,65,13,12,1,0,0,4,7,6,0,16,0,0,2,2,0,0,0.228070175,"Ben Rortvedt",20287,666163
"Andrés Chaparro","WSN",70,136,159,31,16,11,0,4,18,21,21,0,41,2,0,0,3,0,0,0.227941176,"Andres Chaparro",21797,665953
"Andrew McCutchen","- - -",176,294,341,67,45,12,0,10,37,36,42,3,85,4,1,0,3,1,2,0.227891156,"Andrew McCutchen",9847,457705
"Wilmer Flores","SFG",116,237,259,54,36,10,0,8,21,37,17,1,42,1,4,0,4,1,0,0.227848101,"Wilmer Flores",5827,527038
"Cam Smith","HOU",118,202,235,46,27,10,2,7,29,24,26,0,61,4,3,0,8,5,1,0.227722772,"Cam Smith",35108,701358
"Travis d'Arnaud","- - -",77,123,138,28,14,4,0,10,16,21,9,0,37,4,2,0,2,0,0,0.227642276,"Travis d'Arnaud",7739,518595
"Ronald Acuña Jr.","ATL",116,211,258,48,29,11,1,7,36,17,46,2,70,1,0,0,2,9,6,0.227488151,"Ronald Acuna Jr.",18401,660670
"Rafael Devers","- - -",298,541,600,123,79,25,3,16,61,67,49,4,177,8,2,0,13,0,1,0.227356746,"Rafael Devers",17350,646240
"Jerar Encarnacion","SFG",48,84,88,19,12,6,0,1,6,9,4,0,24,0,0,0,3,1,0,0.226190476,"Jerar Encarnacion",21871,666464
"Mitch Garver","SEA",178,314,369,71,45,11,1,14,42,52,48,1,85,3,4,0,9,2,0,0.226114649,"Mitch Garver",15161,641598
"Nick Kurtz","ATH",142,261,296,59,37,7,0,15,40,44,30,1,106,2,3,0,0,1,0,0.226053639,"Nick Kurtz",35110,701762
"Corey Seager","TEX",193,328,357,74,49,10,0,15,38,31,24,1,98,4,1,0,6,1,0,0.225609756,"Corey Seager",13624,608369
"George Springer","TOR",184,315,378,71,47,10,1,13,40,34,51,1,80,4,5,0,9,7,0,0.225396825,"George Springer",12856,543807
"Austin Wynns","- - -",36,71,75,16,10,5,0,1,6,5,2,0,21,0,1,1,1,0,0,0.225352112,"Austin Wynns",15271,642851
"Alek Thomas","ARI",81,120,130,27,19,6,0,2,12,13,3,0,28,2,1,4,1,4,2,0.225,"Alek Thomas",23792,677950
"Victor Scott II","STL",136,200,232,45,39,4,0,2,20,17,14,0,59,5,3,10,2,5,4,0.225,"Victor Scott II",31349,687363
"Gavin Sheets","- - -",169,276,303,62,43,13,2,4,11,33,21,0,68,1,5,0,7,1,1,0.224637681,"Gavin Sheets",19901,657757
"Daniel Schneemann","CLE",106,138,160,31,22,5,1,3,18,16,20,0,53,1,1,0,2,1,1,0.224637681,"Daniel Schneemann",25180,682177
"Luis Robert Jr.","- - -",115,205,244,46,31,6,0,9,34,26,33,4,59,3,1,0,4,18,2,0.224390243,"Luis Robert Jr.",20043,673357
"Jonny DeLuca","TBR",105,183,200,41,25,10,3,3,19,27,16,1,48,0,0,1,2,4,2,0.224043715,"Jonny DeLuca",26365,676356
"Josh Bell","- - -",232,399,445,89,58,17,1,13,43,57,40,1,87,1,3,0,17,0,1,0.223057644,"Josh Bell",13145,605137
"Lars Nootbaar","STL",165,278,319,62,43,11,2,6,26,22,34,0,80,4,2,1,4,3,2,0.223021582,"Lars Nootbaar",21454,663457
"Riley Greene","DET",265,426,480,95,57,23,3,12,46,61,47,0,143,4,2,0,10,1,0,0.223004694,"Riley Greene",25976,682985
"Ehire Adrianza","LAA",4,9,9,2,1,1,0,0,0,1,0,0,3,0,0,0,1,0,0,0.222222222,"Ehire Adrianza",8418,501303
"Jake Cronenworth","SDP",212,315,366,70,56,10,0,4,26,35,35,0,68,9,2,5,10,4,1,0.222222222,"Jake Cronenworth",18036,630105
"Garrett Stubbs","PHI",41,54,62,12,12,0,0,0,9,3,6,0,15,1,0,0,0,1,0,0.222222222,"Garrett Stubbs",18067,596117
"Zach McKinstry","DET",132,180,204,40,25,7,7,1,31,21,17,0,43,3,2,2,6,2,2,0.222222222,"Zach McKinstry",19392,656716
"Luis García Jr.","WSN",174,243,262,54,41,9,1,3,14,28,12,0,48,1,6,0,4,7,1,0.222222222,"Luis Garcia Jr.",20391,671277
"Will Robertson","- - -",7,9,10,2,2,0,0,0,0,2,0,0,3,0,1,0,0,0,0,0.222222222,"Will Robertson",25467,683770
"Ha-Seong Kim","- - -",112,207,234,46,34,8,0,4,22,20,26,2,39,0,0,1,3,9,2,0.222222222,"Ha-Seong Kim",27506,673490
"Alec Burleson","STL",228,369,393,82,62,11,1,8,40,46,17,0,53,0,4,0,10,2,0,0.222222222,"Alec Burleson",27615,676475
"Bob Seymour","TBR",13,18,18,4,4,0,0,0,2,0,0,0,11,0,0,0,0,0,0,0.222222222,"Bob Seymour",30028,676044
"Jonah Cox","SFG",12,18,19,4,3,0,1,0,1,1,0,0,11,0,0,1,0,1,0,0.222222222,"Jonah Cox",33270,813841
"Charles McAdoo","TOR",3,9,9,2,1,0,0,1,2,3,0,0,4,0,0,0,0,0,0,0.222222222,"Charles McAdoo",33323,807727
"Jac Caglianone","KCR",90,162,172,36,22,5,1,8,15,17,5,0,48,5,0,0,2,2,0,0.222222222,"Jac Caglianone",35041,695506
"Adolis García","- - -",189,338,375,75,41,18,0,16,43,54,29,3,110,3,5,0,5,4,2,0.221893491,"Adolis Garcia",19287,666969
"Luke Keaschall","MIN",93,158,181,35,26,7,0,2,19,17,17,1,34,4,2,0,3,11,2,0.221518987,"Luke Keaschall",33321,807712
"Isiah Kiner-Falefa","- - -",176,280,300,62,53,4,1,4,36,23,10,0,50,8,1,1,8,3,2,0.221428571,"Isiah Kiner-Falefa",16512,643396
"Lawrence Butler","OAK",164,253,270,56,36,10,1,9,27,21,16,0,89,1,0,0,3,10,4,0.221343873,"Lawrence Butler",22542,671732
"Austin Hedges","CLE",101,199,227,44,34,6,0,4,20,21,17,0,53,2,3,6,3,0,2,0.221105527,"Austin Hedges",12976,595978
"Anthony Rizzo","NYY",52,86,97,19,17,2,0,0,4,3,5,0,19,5,1,0,2,0,0,0.220930232,"Anthony Rizzo",3473,519203
"Matt McLain","CIN",118,172,204,38,27,5,0,6,27,15,28,0,54,2,0,2,3,10,2,0.220930232,"Matt McLain",29695,680574
"Brandon Lowe","- - -",186,313,337,69,45,11,0,13,43,35,16,0,106,3,5,0,2,1,1,0.220447284,"Brandon Lowe",18882,664040
"Nick Yorke","PIT",33,59,65,13,10,2,0,1,6,7,5,0,15,0,1,0,1,0,0,0.220338983,"Nick Yorke",27504,694377
"Cole Young","SEA",109,168,186,37,27,5,2,3,14,19,12,0,40,4,2,0,1,2,1,0.220238095,"Cole Young",31680,702284
"Harrison Bader","- - -",176,300,334,66,41,13,0,12,30,43,23,1,90,5,6,0,5,7,4,0.22,"Harrison Bader",18030,664056
"Gabriel Arias","CLE",123,223,235,49,28,13,2,6,23,19,12,2,89,0,0,0,5,5,2,0.219730941,"Gabriel Arias",22563,672356
"Cal Raleigh","SEA",221,410,460,90,45,9,0,36,60,74,40,2,131,5,5,0,10,11,5,0.219512195,"Cal Raleigh",21534,663728
"Blake Dunn","CIN",51,82,95,18,12,5,0,1,15,5,9,0,31,4,0,0,3,5,2,0.219512195,"Blake Dunn",29487,694362
"Trevor Larnach","MIN",120,160,179,35,25,7,0,3,17,20,14,0,44,2,2,1,5,1,2,0.21875,"Trevor Larnach",21501,663616
"Nick Allen","- - -",106,160,181,35,27,6,0,2,15,15,14,0,31,1,2,4,3,4,2,0.21875,"Nick Allen",22277,669397
"Braden Montgomery","CHW",20,32,34,7,5,2,0,0,3,2,1,0,10,0,1,0,2,0,0,0.21875,"Braden Montgomery",35423,695731
"Brayan Rocchio","CLE",205,311,358,68,42,15,2,9,43,43,26,0,83,9,6,6,4,9,3,0.218649517,"Brayan Rocchio",23690,677587
"David Fry","CLE",196,325,385,71,38,14,0,19,40,59,52,4,114,6,2,0,10,3,0,0.218461538,"David Fry",24934,681807
"Mike Trout","LAA",102,174,212,38,24,7,0,7,28,21,36,4,65,0,2,0,4,1,0,0.218390804,"Mike Trout",10155,545361
"Isaac Collins","- - -",140,229,260,50,30,13,1,6,28,31,21,0,59,7,2,1,7,6,2,0.218340611,"Isaac Collins",25477,686555
"Rafael Marchán","PHI",50,78,86,17,12,2,0,3,10,5,5,0,12,1,0,2,3,0,0,0.217948717,"Rafael Marchan",21646,665561
"Kody Clemens","- - -",118,170,189,37,25,7,1,4,19,21,12,0,46,3,1,3,3,4,1,0.217647058,"Kody Clemens",20572,665019
"Johan Rojas","PHI",101,166,181,36,27,6,2,1,23,15,8,0,39,2,0,5,2,13,1,0.216867469,"Johan Rojas",24336,679032
"Ian Happ","CHC",244,411,458,89,57,16,0,16,57,54,42,0,120,4,1,0,10,3,1,0.216545012,"Ian Happ",17919,664023
"Korey Lee","CHW",66,111,118,24,18,2,0,4,15,11,7,0,34,0,0,0,4,3,0,0.216216216,"Korey Lee",25543,686676
"Heston Kjerstad","BAL",24,37,39,8,7,1,0,0,5,3,1,0,13,1,0,0,4,0,0,0.216216216,"Heston Kjerstad",31166,677008
"Andrew Knizner","- - -",26,51,52,11,9,1,0,1,5,3,0,0,10,0,1,0,2,0,0,0.215686274,"Andrew Knizner",19514,668800
"Zach Dezenzo","HOU",35,51,57,11,7,3,0,1,8,3,6,0,23,0,0,0,0,2,0,0.215686274,"Zach Dezenzo",31562,701305
"Jeff McNeil","- - -",165,246,281,53,38,10,2,3,26,21,27,0,35,4,1,3,4,4,0,0.215447154,"Jeff McNeil",15362,643446
"Alex Verdugo","- - -",118,195,223,42,37,3,0,2,20,9,22,0,37,2,2,2,7,1,1,0.215384615,"Alex Verdugo",17027,657077
"Edward Olivares","PIT",41,79,90,17,10,3,0,4,11,15,8,0,22,1,2,0,2,0,0,0.215189873,"Edward Olivares",19698,658668
"Nick Fortes","- - -",170,298,326,64,44,18,0,2,28,20,14,0,47,9,2,3,8,0,0,0.2147651,"Nick Fortes",21538,663743
"Zack Short","- - -",41,56,72,12,9,2,0,1,9,8,12,0,23,0,2,2,0,0,0,0.214285714,"Zack Short",19562,670097
"Nick Madrigal","- - -",27,42,47,9,7,2,0,0,3,6,3,0,5,1,0,1,0,2,0,0.214285714,"Nick Madrigal",20521,663611
"Oswaldo Cabrera","NYY",74,98,105,21,17,4,0,0,13,9,5,0,24,1,0,1,2,0,0,0.214285714,"Oswaldo Cabrera",21707,665828
"Cam Devanney","PIT",9,14,15,3,3,0,0,0,1,0,1,0,10,0,0,0,0,0,1,0.214285714,"Cam Devanney",25688,687478
"Jesus Rodriguez","SFG",9,14,15,3,2,1,0,0,0,1,1,0,2,0,0,0,0,0,1,0.214285714,"Jesus Rodriguez",26991,683679
"Sterlin Thompson","COL",10,14,15,3,2,1,0,0,1,2,1,0,5,0,0,0,2,0,0,0.214285714,"Sterlin Thompson",31443,694514
"Brandon Marsh","PHI",182,253,283,54,40,5,3,6,26,29,20,0,104,4,4,2,2,5,2,0.213438735,"Brandon Marsh",20202,669016
"Taylor Walls","TBR",150,230,255,49,35,13,1,0,20,18,17,0,67,0,3,5,2,12,5,0.213043478,"Taylor Walls",22458,670764
"Danny Jansen","- - -",139,202,247,43,26,9,0,8,27,20,41,0,67,1,3,0,4,0,1,0.212871287,"Danny Jansen",16535,643376
"Jonah Bride","- - -",77,141,166,30,25,4,0,1,10,9,22,1,42,1,2,0,1,0,1,0.212765957,"Jonah Bride",24703,681146
"Masataka Yoshida","BOS",105,146,164,31,22,7,0,2,12,23,13,0,18,3,2,0,4,0,0,0.212328767,"Masataka Yoshida",31837,807799
"Seth Brown","OAK",33,33,34,7,6,0,0,1,2,3,1,0,14,0,0,0,0,0,0,0.212121212,"Seth Brown",18171,664913
"Orlando Arcia","- - -",121,203,223,43,28,12,0,3,16,11,17,1,52,0,3,0,7,0,0,0.21182266,"Orlando Arcia",13185,606115
"Nathaniel Lowe","- - -",182,293,334,62,45,11,1,5,22,36,38,0,94,0,3,0,4,0,0,0.211604095,"Nathaniel Lowe",19566,663993
"Ali Sánchez","- - -",29,52,56,11,8,3,0,0,1,4,2,0,13,0,0,2,1,0,0,0.211538461,"Ali Sanchez",18551,645305
"Noelvi Marte","CIN",111,175,189,37,28,4,0,5,23,25,13,0,62,0,1,0,2,4,3,0.211428571,"Noelvi Marte",26517,682622
"Andrés Giménez","- - -",206,317,339,67,51,11,1,4,30,30,8,0,54,12,1,1,8,10,0,0.211356466,"Andres Gimenez",19950,665926
"Michael A. Taylor","- - -",129,223,244,47,21,16,2,8,29,30,13,1,88,0,4,4,2,4,2,0.210762331,"Michael A. Taylor",11489,572191
"Max Muncy","ATH",58,95,111,20,13,3,2,2,12,6,15,0,33,1,0,0,2,3,2,0.210526315,"Max Muncy",29779,691777
"Liam Hicks","MIA",90,114,138,24,21,2,0,1,14,12,15,0,22,3,2,4,1,1,0,0.210526315,"Liam Hicks",29844,689414
"Jasson Domínguez","NYY",101,162,181,34,23,9,0,2,18,14,16,0,53,1,1,0,3,9,1,0.209876543,"Jasson Dominguez",28080,691176
"Chas McCormick","HOU",75,124,138,26,18,5,1,2,15,13,10,0,31,2,0,2,0,3,1,0.209677419,"Chas McCormick",19599,676801
"Jose F Miranda","MIN",83,148,155,31,22,7,0,2,9,15,4,0,35,1,2,0,5,0,0,0.209459459,"Jose F Miranda",20538,669304
"Eugenio Suárez","- - -",209,387,446,81,41,13,0,27,65,59,50,1,148,3,6,0,5,0,0,0.209302325,"Eugenio Suarez",12552,553993
"Mickey Moniak","- - -",103,129,139,27,21,2,0,4,17,16,5,0,48,4,1,0,0,0,0,0.209302325,"Mickey Moniak",19956,666160
"Justin Crawford","PHI",37,43,47,9,9,0,0,0,11,2,3,0,11,1,0,0,0,6,0,0.209302325,"Justin Crawford",31791,702222
"Tommy Pham","- - -",126,220,252,46,33,5,1,7,31,26,29,2,50,1,2,0,2,4,1,0.209090909,"Tommy Pham",2967,502054
"Connor Joe","- - -",129,201,236,42,24,14,0,4,20,18,28,1,52,4,3,0,5,1,2,0.208955223,"Connor Joe",16572,656582
"Adrian Del Castillo","ARI",39,48,50,10,8,2,0,0,3,7,1,0,20,0,1,0,1,0,0,0.208333333,"Adrian Del Castillo",29554,680728
"Carson McCusker","MIN",14,24,25,5,5,0,0,0,0,1,1,0,12,0,0,0,0,0,1,0.208333333,"Carson McCusker",33098,676812
"Vinnie Pasquantino","KCR",194,342,370,71,47,13,1,10,34,59,17,0,82,3,8,0,7,2,0,0.207602339,"Vinnie Pasquantino",27676,686469
"Jhonkensy Noel","CLE",91,140,149,29,14,4,0,11,23,20,6,0,49,1,2,0,2,0,0,0.207142857,"Jhonkensy Noel",24257,678877
"Cristian Pache","- - -",59,116,130,24,14,8,1,1,9,10,14,0,42,0,0,0,0,1,0,0.206896551,"Cristian Pache",19948,665506
"Taylor Trammell","- - -",28,29,34,6,4,1,1,0,4,0,4,0,9,0,0,1,0,0,0,0.206896551,"Taylor Trammell",19960,666211
"Liover Peguero","PIT",16,29,34,6,4,0,0,2,5,4,4,0,11,1,0,0,2,2,0,0.206896551,"Liover Peguero",24273,678894
"Kristian Campbell","BOS",38,58,74,12,8,3,0,1,9,6,12,0,15,3,1,0,1,0,0,0.206896551,"Kristian Campbell",33644,692225
"Anthony Santander","- - -",117,208,235,43,23,8,0,12,29,28,23,2,63,3,1,0,2,0,0,0.206730769,"Anthony Santander",14551,623993
"Trent Grisham","NYY",173,242,279,50,32,7,1,10,36,38,32,0,68,4,1,0,4,3,1,0.20661157,"Trent Grisham",18564,663757
"Jeimer Candelario","- - -",92,155,178,32,17,10,0,5,17,16,17,0,40,4,2,0,5,0,1,0.206451612,"Jeimer Candelario",13621,600869
"Leo Jiménez","- - -",75,126,143,26,15,7,0,4,12,12,9,0,41,7,1,0,3,0,0,0.206349206,"Leo Jimenez",23782,677870
"Kyle Stowers","- - -",124,189,211,39,24,11,2,2,10,21,16,0,54,4,2,0,5,0,1,0.206349206,"Kyle Stowers",26151,669065
"Joc Pederson","- - -",76,68,88,14,6,3,2,3,12,8,15,0,33,4,0,0,3,1,0,0.205882352,"Joc Pederson",11899,592626
"Cavan Biggio","- - -",31,34,41,7,7,0,0,0,6,2,5,0,13,0,0,2,1,0,0,0.205882352,"Cavan Biggio",19252,624415
"Dylan Carlson","- - -",97,170,191,35,26,7,0,2,12,14,16,0,48,3,2,0,0,0,1,0.205882352,"Dylan Carlson",20126,666185
"David Hamilton","- - -",86,102,112,21,19,1,0,1,20,5,6,0,34,2,0,2,2,13,3,0.205882352,"David Hamilton",27531,666152
"Whit Merrifield","- - -",58,107,121,22,16,3,0,3,15,6,13,0,15,0,0,1,3,6,2,0.205607476,"Whit Merrifield",11281,593160
"Alexander Canario","- - -",58,107,116,22,14,4,0,4,12,10,8,0,40,0,1,0,1,0,0,0.205607476,"Alexander Canario",22842,672744
"David Hensley","MIA",20,39,41,8,6,1,0,1,5,3,2,0,11,0,0,0,0,1,0,0.205128205,"David Hensley",25111,682073
"Jacob Stallings","- - -",71,122,141,25,13,6,1,5,17,12,15,1,43,3,1,0,7,0,0,0.204918032,"Jacob Stallings",13723,607732
"Austin Slater","- - -",145,259,300,53,40,6,1,6,34,21,33,0,84,4,4,0,8,8,2,0.204633204,"Austin Slater",16153,596103
"Oneil Cruz","PIT",230,328,362,67,40,14,2,11,39,42,29,1,125,3,2,0,7,14,3,0.204268292,"Oneil Cruz",21711,665833
"Cody Freeman","TEX",29,54,56,11,7,2,0,2,7,5,1,0,11,0,1,0,3,0,0,0.203703703,"Cody Freeman",25629,683227
"Kyle Manzardo","CLE",124,162,184,33,20,6,1,6,15,21,17,0,49,3,2,0,3,1,0,0.203703703,"Kyle Manzardo",29794,700932
"Brett Baty","NYM",119,172,191,35,26,5,0,4,24,16,14,0,55,4,0,1,1,4,0,0.203488372,"Brett Baty",26123,683146
"Jonatan Clase","- - -",36,59,67,12,11,1,0,0,4,3,6,0,15,2,0,0,0,1,2,0.20338983,"Jonatan Clase",26599,682729
"Garrett Hampson","- - -",90,148,165,30,19,10,1,0,14,9,14,0,43,0,0,3,4,5,2,0.202702702,"Garrett Hampson",19262,641658
"Nolan Gorman","STL",155,222,245,45,26,9,0,10,27,39,21,0,78,0,2,0,1,1,1,0.202702702,"Nolan Gorman",22263,669357
"Spencer Horwitz","- - -",126,158,184,32,25,5,0,2,16,19,21,0,35,3,2,0,5,0,0,0.202531645,"Spencer Horwitz",26477,687462
"Joey Loperfido","- - -",53,79,87,16,14,1,0,1,5,7,6,0,24,1,0,1,2,2,1,0.202531645,"Joey Loperfido",29630,694388
"Colton Cowser","BAL",159,247,269,50,33,6,1,10,28,23,14,0,99,6,1,1,3,8,1,0.202429149,"Colton Cowser",29591,681297
"Edouard Julien","- - -",76,89,103,18,11,5,0,2,12,3,11,0,36,3,0,0,1,1,2,0.202247191,"Edouard Julien",27534,666397
"Tyler Nevin","OAK",57,109,127,22,11,6,0,5,10,12,12,0,26,4,2,0,1,0,0,0.201834862,"Tyler Nevin",17893,663527
"Leody Taveras","- - -",136,199,226,40,34,4,0,2,18,13,22,0,60,0,0,5,7,2,3,0.201005025,"Leody Taveras",18900,665750
"David Peralta","SDP",19,20,26,4,3,1,0,0,3,1,4,0,8,2,0,0,0,0,0,0.2,"David Peralta",2136,444482
"Brandon Crawford","STL",10,10,11,2,1,1,0,0,0,1,0,0,3,1,0,0,0,0,0,0.2,"Brandon Crawford",5343,543063
"Rafael Ortega","CHW",2,5,5,1,1,0,0,0,1,0,0,0,2,0,0,0,0,1,0,0.2,"Rafael Ortega",10323,542364
"Max Muncy","LAD",150,205,236,41,20,7,1,13,39,29,21,0,64,8,2,0,3,0,0,0.2,"Max Muncy",13301,571970
"Dominic Smith","- - -",82,100,110,20,12,7,0,1,9,10,8,0,23,1,0,1,1,0,0,0.2,"Dominic Smith",15653,642086
"Billy McKinney","- - -",4,5,5,1,1,0,0,0,1,0,0,0,3,0,0,0,0,0,0,0.2,"Billy McKinney",15654,641856
"J.D. Davis","- - -",27,50,56,10,7,1,0,2,4,2,6,0,16,0,0,0,2,0,0,0.2,"J.D. Davis",16219,605204
"Jose Siri","- - -",93,150,168,30,14,7,0,9,24,25,13,0,65,1,3,0,0,2,1,0.2,"Jose Siri",17452,642350
"David Fletcher","ATL",3,5,6,1,1,0,0,0,0,2,0,0,1,0,1,0,0,0,0,0.2,"David Fletcher",17992,664058
"Seby Zavala","SEA",9,15,17,3,1,1,0,1,2,1,1,0,6,0,0,1,1,0,0,0.2,"Seby Zavala",18887,664874
"Vidal Bruján","- - -",60,80,92,16,10,5,1,0,7,9,9,1,23,3,0,0,1,2,0,0.2,"Vidal Brujan",20536,660644
"Connor Kaiser","ARI",4,5,5,1,0,1,0,0,0,1,0,0,2,0,0,0,0,0,0,0.2,"Connor Kaiser",21535,663731
"Jair Camargo","- - -",3,5,5,1,0,1,0,0,1,0,0,0,2,0,0,0,0,0,0,0.2,"Jair Camargo",21730,665856
"Jarred Kelenic","- - -",54,80,85,16,13,2,0,1,8,6,4,0,27,0,1,0,1,0,2,0.2,"Jarred Kelenic",22558,672284
"Bryan Ramos","CHW",21,40,43,8,5,2,0,1,4,2,2,0,7,0,1,0,1,0,0,0.2,"Bryan Ramos",25621,682868
"Matt Mervis","- - -",8,10,12,2,0,1,0,1,1,1,2,0,4,0,0,0,0,0,0,0.2,"Matt Mervis",27845,670223
"Joe Mack","MIA",28,35,40,7,5,1,0,1,4,7,2,0,11,0,0,3,0,0,0,0.2,"Joe Mack",29780,691788
"Brooks Baldwin","CHW",59,85,95,17,12,4,0,1,7,9,8,0,16,0,0,2,3,2,0,0.2,"Brooks Baldwin",31394,681460
"Otto Kemp","PHI",52,85,96,17,10,3,0,4,8,9,8,0,34,3,0,0,2,1,0,0.2,"Otto Kemp",31792,805249
"Gabriel Rincones Jr.","PHI",5,5,5,1,1,0,0,0,0,0,0,0,1,0,0,0,0,0,0,0.2,"Gabriel Rincones Jr.",31958,687282
"Jacob Gonzalez","- - -",14,15,19,3,1,2,0,0,2,2,2,0,3,2,0,0,0,0,0,0.2,"Jacob Gonzalez",33225,694378
"Sam Antonacci","CHW",42,60,69,12,11,1,0,0,7,4,2,0,14,6,0,1,0,1,0,0.2,"Sam Antonacci",35101,803011
"Oswald Peraza","- - -",105,176,187,35,20,8,1,6,22,16,9,0,61,1,0,1,5,3,1,0.198863636,"Oswald Peraza",22823,672724
"Johnathan Rodríguez","- - -",39,76,91,15,8,4,1,2,7,12,14,0,25,0,1,0,3,1,0,0.197368421,"Johnathan Rodriguez",22530,671286
"Michael Helman","- - -",39,71,76,14,5,5,0,4,10,13,2,0,18,1,1,1,0,0,0,0.197183098,"Michael Helman",24605,680737
"Austin Wells","NYY",161,254,283,50,32,9,1,8,22,44,21,0,75,3,5,0,9,4,2,0.196850393,"Austin Wells",27562,669224
"Denzel Clarke","ATH",33,51,56,10,5,3,1,1,4,3,3,0,20,0,0,2,1,0,0,0.196078431,"Denzel Clarke",29858,672016
"Rhys Hoskins","- - -",166,276,333,54,29,9,0,16,40,53,46,2,98,2,8,0,8,1,0,0.195652173,"Rhys Hoskins",16472,656555
"Brandon Valenzuela","TOR",36,46,54,9,5,2,0,2,3,9,7,0,15,0,1,0,0,0,0,0.195652173,"Brandon Valenzuela",23813,678218
"Jose Trevino","- - -",101,174,194,34,21,8,0,5,23,19,15,0,26,1,2,2,8,0,0,0.195402298,"Jose Trevino",16725,624431
"Nolan Jones","- - -",102,159,177,31,27,3,0,1,9,10,14,0,64,3,0,1,4,4,2,0.194968553,"Nolan Jones",20529,666134
"Sean Bouchard","COL",48,77,86,15,13,0,0,2,11,8,8,0,28,0,1,0,1,3,1,0.194805194,"Sean Bouchard",21270,656248
"Troy Johnston","- - -",50,77,83,15,11,3,0,1,4,11,3,0,14,1,1,1,0,2,1,0.194805194,"Troy Johnston",26143,687859
"Dylan Moore","- - -",170,267,320,52,29,12,1,10,38,27,43,1,101,5,5,0,2,22,4,0.194756554,"Dylan Moore",18042,664238
"Reese McGuire","- - -",30,36,40,7,4,0,0,3,5,9,0,0,13,2,1,1,0,0,0,0.194444444,"Reese McGuire",15674,624512
"Bryce Johnson","SDP",50,72,85,14,12,2,0,0,7,5,9,0,18,0,0,4,1,4,0,0.194444444,"Bryce Johnson",20002,669369
"Willie MacIver","ATH",18,36,40,7,2,3,0,2,3,5,3,0,8,1,0,0,0,0,0,0.194444444,"Willie MacIver",24641,680862
"Matt Wallner","MIN",102,165,188,32,14,11,1,6,21,16,18,0,58,5,0,0,1,4,0,0.193939393,"Matt Wallner",26466,670242
"Luke Maile","- - -",41,62,73,12,7,2,0,3,6,12,8,0,24,0,1,2,3,0,0,0.193548387,"Luke Maile",13355,571912
"Matt Thaiss","- - -",48,62,69,12,8,4,0,0,2,6,4,0,13,1,1,1,0,1,0,0.193548387,"Matt Thaiss",19318,642136
"Paul DeJong","- - -",98,176,192,34,19,5,0,10,21,23,12,0,73,1,3,0,5,1,1,0.193181818,"Paul DeJong",18015,657557
"Willy Adames","- - -",234,404,460,78,43,16,2,17,62,44,52,2,127,0,4,0,3,6,2,0.193069306,"Willy Adames",15986,642715
"Bo Naylor","CLE",126,161,175,31,21,6,0,4,18,17,11,0,39,0,1,2,2,0,0,0.192546583,"Bo Naylor",21865,666310
"Graham Pauley","- - -",27,26,33,5,3,2,0,0,5,1,5,0,4,0,0,2,1,0,0,0.192307692,"Graham Pauley",31363,688363
"Zack Gelof","OAK",109,198,218,38,24,8,1,5,25,18,17,0,77,1,1,1,3,8,2,0.191919191,"Zack Gelof",29766,680869
"Eric Haase","- - -",41,68,76,13,7,2,0,4,7,6,7,0,27,1,0,0,2,0,0,0.19117647,"Eric Haase",14111,606992
"Christopher Morel","- - -",162,278,312,53,31,11,1,10,24,33,28,3,98,3,3,0,10,2,3,0.190647482,"Christopher Morel",21897,666624
"Curt Casali","SFG",25,42,49,8,6,2,0,0,4,2,7,0,10,0,0,0,0,0,0,0.19047619,"Curt Casali",12510,592200
"Miguel Amaya","CHC",100,147,168,28,20,5,1,2,18,15,14,0,31,2,1,4,3,0,0,0.19047619,"Miguel Amaya",21693,665804
"Jack Suwinski","PIT",33,42,45,8,6,1,0,1,5,2,2,0,20,0,0,1,0,0,0,0.19047619,"Jack Suwinski",22244,669261
"Zach DeLoach","CHW",9,21,23,4,2,1,0,1,2,1,2,0,9,0,0,0,0,0,0,0.19047619,"Zach DeLoach",27471,676113
"Felix Reyes","PHI",9,21,21,4,3,0,0,1,2,2,0,0,5,0,0,0,0,0,0,0.19047619,"Felix Reyes",28763,694025
"Addison Barger","TOR",86,121,130,23,13,8,1,1,10,12,8,0,45,1,0,0,1,0,1,0.190082644,"Addison Barger",24598,680718
"Adam Frazier","- - -",91,100,113,19,13,5,0,1,16,14,7,0,27,4,0,2,1,2,1,0.19,"Adam Frazier",15223,624428
"Gio Urshela","- - -",85,137,154,26,18,8,0,0,9,10,14,1,30,0,3,0,8,0,0,0.189781021,"Gio Urshela",10681,570482
"Leo Rivas","SEA",66,95,111,18,15,3,0,0,10,6,14,0,26,0,0,2,1,2,0,0.189473684,"Leo Rivas",21009,660844
"Michael Siani","STL",67,95,110,18,15,1,1,1,11,5,8,0,31,1,0,6,0,6,1,0.189473684,"Michael Siani",22557,672279
"Connor Norby","- - -",119,206,235,39,22,11,0,6,20,12,25,0,71,4,0,0,1,7,3,0.189320388,"Connor Norby",29592,681393
"Will Brennan","- - -",33,37,37,7,5,1,1,0,4,2,0,0,6,0,0,0,2,1,0,0.189189189,"Will Brennan",25660,686823
"Tomás Nido","- - -",35,53,60,10,9,1,0,0,4,5,3,0,18,0,1,3,2,0,0,0.188679245,"Tomas Nido",13755,621512
"Thairo Estrada","- - -",64,122,133,23,15,5,0,3,15,19,7,0,23,1,3,0,2,0,1,0.18852459,"Thairo Estrada",16426,642731
"Jorge Barrosa","ARI",53,85,97,16,7,7,0,2,14,11,7,0,21,2,2,1,1,1,0,0.188235294,"Jorge Barrosa",23968,678489
"DJ LeMahieu","NYY",65,117,136,22,21,0,0,1,12,12,15,0,24,0,4,0,7,0,0,0.188034188,"DJ LeMahieu",9874,518934
"Patrick Bailey","- - -",149,229,252,43,32,7,2,2,22,23,19,0,80,0,3,1,7,0,0,0.187772925,"Patrick Bailey",27478,672275
"Aaron Hicks","LAA",10,16,17,3,2,0,0,1,2,2,1,0,6,0,0,0,1,0,0,0.1875,"Aaron Hicks",5297,543305
"Armando Alvarez","OAK",9,16,16,3,2,1,0,0,1,0,0,0,3,0,0,0,0,0,0,0.1875,"Armando Alvarez",19292,669137
"Jared Young","NYM",16,16,18,3,3,0,0,0,0,1,1,0,6,1,0,0,0,0,0,0.1875,"Jared Young",20404,676724
"Jonathan Ornelas","- - -",11,16,18,3,2,1,0,0,1,1,2,0,6,0,0,0,0,0,0,0.1875,"Jonathan Ornelas",24597,680716
"Samuel Basallo","BAL",68,96,103,18,15,0,0,3,8,6,6,0,34,1,0,0,3,0,0,0.1875,"Samuel Basallo",28824,694212
"Cam Cauley","TEX",8,16,18,3,2,0,1,0,4,0,2,0,4,0,0,0,1,0,0,0.1875,"Cam Cauley",29710,695508
"Kahlil Watson","CLE",11,16,16,3,2,1,0,0,1,2,0,0,5,0,0,0,0,2,0,0.1875,"Kahlil Watson",29905,696135
"Luis Urías","- - -",77,123,140,23,13,5,0,5,13,11,13,0,26,3,0,0,3,1,1,0.186991869,"Luis Urias",16622,649966
"Brett Harris","- - -",35,59,70,11,8,3,0,0,7,2,8,0,18,2,0,1,3,0,1,0.186440677,"Brett Harris",29788,695391
"Pavin Smith","ARI",41,43,52,8,5,2,0,1,5,10,9,0,14,0,0,0,2,0,1,0.186046511,"Pavin Smith",19892,656976
"Nick Gordon","MIA",24,27,28,5,2,2,0,1,5,3,1,0,6,0,0,0,1,0,0,0.185185185,"Nick Gordon",16337,624503
"Willie Calhoun","LAA",19,27,31,5,5,0,0,0,3,1,3,0,2,1,0,0,0,0,0,0.185185185,"Willie Calhoun",17838,641432
"Nick Senzel","- - -",34,65,74,12,6,3,0,3,6,7,9,1,10,0,0,0,5,1,3,0.184615384,"Nick Senzel",19293,669222
"Munetaka Murakami","CHW",47,65,82,12,6,2,0,4,10,12,16,1,31,0,1,0,1,0,1,0.184615384,"Munetaka Murakami",37120,808959
"Pablo Reyes","- - -",21,38,40,7,5,2,0,0,0,4,2,0,13,0,0,0,0,0,0,0.184210526,"Pablo Reyes",16357,622569
"Mike Yastrzemski","- - -",151,207,234,38,27,6,3,2,31,17,17,0,65,8,1,1,4,4,1,0.183574879,"Mike Yastrzemski",14854,573262
"Kyle Teel","CHW",50,60,69,11,9,2,0,0,7,3,7,0,26,1,0,1,0,0,0,0.183333333,"Kyle Teel",33549,691019
"Sean Murphy","ATL",93,164,191,30,12,7,0,11,20,28,23,2,65,4,0,0,4,0,0,0.182926829,"Sean Murphy",19352,669221
"Jackson Holliday","BAL",140,230,256,42,28,8,0,6,26,21,21,0,68,5,0,0,1,8,1,0.182608695,"Jackson Holliday",31781,702616
"Joey Meneses","- - -",54,99,113,18,15,2,0,1,5,16,7,1,25,4,3,0,7,2,0,0.181818181,"Joey Meneses",14366,608841
"Charles Leblanc","LAA",6,11,13,2,1,0,0,1,1,5,2,0,5,0,0,0,0,0,0,0.181818181,"Charles Leblanc",19813,641779
"Keston Hiura","- - -",6,11,11,2,2,0,0,0,1,1,0,0,5,0,0,0,0,0,0,0.181818181,"Keston Hiura",20003,669374
"Dustin Harris","- - -",10,11,14,2,2,0,0,0,1,0,1,0,2,1,0,1,0,0,0,0.181818181,"Dustin Harris",25705,687957
"Luis Matos","- - -",70,143,150,26,12,7,0,7,18,19,6,1,30,0,1,0,6,2,0,0.181818181,"Luis Matos",26467,682641
"Tanner Murray","CHW",11,22,24,4,3,0,0,1,2,2,2,1,7,0,0,0,0,0,0,0.181818181,"Tanner Murray",28848,695020
"Kyle Isbel","KCR",117,160,179,29,23,4,2,0,17,12,9,0,51,4,0,6,1,3,3,0.18125,"Kyle Isbel",21614,664728
"Jake Rogers","DET",88,127,149,23,14,6,0,3,20,14,19,1,43,1,2,0,4,0,0,0.181102362,"Jake Rogers",19452,668670
"Josh Lowe","- - -",126,188,204,34,25,8,0,1,15,12,12,0,65,1,2,1,3,9,2,0.180851063,"Josh Lowe",19953,666139
"Max Schuemann","- - -",127,172,202,31,19,9,0,3,28,18,24,0,41,2,1,3,6,3,1,0.180232558,"Max Schuemann",24488,680474
"Jamie Westbrook","BOS",18,28,34,5,1,2,0,2,4,6,3,0,8,1,1,0,0,0,0,0.178571428,"Jamie Westbrook",15504,642197
"Oscar Gonzalez","SDP",14,28,29,5,4,1,0,0,1,2,1,0,8,0,0,0,0,0,0,0.178571428,"Oscar Gonzalez",20970,660757
"Dominic Fletcher","CHW",37,56,64,10,7,3,0,0,5,2,6,0,14,2,0,0,2,0,0,0.178571428,"Dominic Fletcher",26149,666150
"Christian Vázquez","- - -",115,185,202,33,22,7,0,4,14,17,12,0,40,1,2,2,3,3,0,0.178378378,"Christian Vazquez",9774,543877
"Davis Schneider","TOR",164,275,327,49,30,10,1,8,38,36,44,0,107,3,5,0,1,4,0,0.178181818,"Davis Schneider",23565,676914
"Mitch Haniger","SEA",70,135,145,24,20,1,0,3,13,10,10,0,47,0,0,0,4,0,0,0.177777777,"Mitch Haniger",14274,571745
"Cooper Hummel","HOU",26,45,51,8,5,0,0,3,5,6,5,0,13,1,0,0,0,0,0,0.177777777,"Cooper Hummel",19458,669450
"Maximo Acosta","MIA",10,17,20,3,3,0,0,0,1,1,2,0,7,1,0,0,0,1,0,0.176470588,"Maximo Acosta",27963,691185
"Jhostynxon Garcia","- - -",9,17,19,3,2,1,0,0,1,0,2,0,7,0,0,0,0,0,0,0.176470588,"Jhostynxon Garcia",28142,691373
"Brandon Drury","LAA",43,74,80,13,11,2,0,0,5,4,4,0,21,0,2,0,4,1,0,0.175675675,"Brandon Drury",11615,592273
"Tyler Wade","SDP",34,40,47,7,7,0,0,0,7,3,5,0,14,0,0,2,0,0,0,0.175,"Tyler Wade",15730,642180
"Will Wagner","- - -",30,40,43,7,5,1,0,1,4,2,2,0,11,0,0,1,0,0,0,0.175,"Will Wagner",29634,695238
"Nathan Lukes","TOR",71,86,104,15,10,4,1,0,10,6,10,0,25,4,1,3,2,1,0,0.174418604,"Nathan Lukes",18123,664770
"Travis Bazzana","CLE",53,86,100,15,12,2,0,1,8,7,12,0,27,2,0,0,0,5,1,0.174418604,"Travis Bazzana",34967,683953
"Kerry Carpenter","DET",102,109,120,19,12,3,0,4,18,9,6,0,31,2,1,0,1,0,0,0.174311926,"Kerry Carpenter",25961,681481
"MJ Melendez","- - -",73,92,99,16,11,2,1,2,8,6,3,0,24,3,0,1,1,0,1,0.173913043,"MJ Melendez",22197,669004
"Matt Gorski","PIT",10,23,23,4,2,0,1,1,1,1,0,0,9,0,0,0,1,0,1,0.173913043,"Matt Gorski",25855,685301
"Martín Maldonado","- - -",57,87,97,15,10,3,0,2,6,6,7,0,32,0,0,3,3,0,0,0.172413793,"Martin Maldonado",6887,455117
"Eddie Rosario","- - -",27,29,34,5,5,0,0,0,2,2,3,0,6,0,1,1,1,1,0,0.172413793,"Eddie Rosario",12155,592696
"Patrick Wisdom","- - -",70,111,123,19,10,4,1,4,11,18,7,1,48,4,1,0,0,4,0,0.171171171,"Patrick Wisdom",13602,621550
"James Outman","- - -",61,76,85,13,8,2,1,2,13,9,8,0,33,1,0,0,0,2,0,0.171052631,"James Outman",24770,681546
"Colt Emerson","SEA",32,41,46,7,4,0,1,2,5,7,3,0,16,2,0,0,1,0,1,0.170731707,"Colt Emerson",33575,806068
"Ryan Kreidler","- - -",58,88,103,15,11,3,0,1,14,4,12,0,19,1,0,2,4,1,0,0.170454545,"Ryan Kreidler",25867,668952
"Brice Matthews","HOU",54,88,93,15,9,1,1,4,7,11,5,0,32,0,0,0,0,4,2,0.170454545,"Brice Matthews",33280,694728
"Aaron Schunk","COL",31,53,55,9,9,0,0,0,3,0,2,1,23,0,0,0,1,0,0,0.16981132,"Aaron Schunk",25524,668845
"Niko Goodrum","- - -",4,6,8,1,1,0,0,0,2,0,2,0,1,0,0,0,0,0,1,0.166666666,"Niko Goodrum",12092,592348
"David Dahl","PHI",7,6,8,1,1,0,0,0,1,1,1,0,2,0,1,0,0,0,0,0.166666666,"David Dahl",13744,621311
"Mike Ford","CIN",9,18,18,3,3,0,0,0,0,2,0,0,6,0,0,0,1,0,0,0.166666666,"Mike Ford",15585,645801
"Joshua Palacios","- - -",24,30,30,5,4,1,0,0,5,0,0,0,9,0,0,0,0,0,0,0.166666666,"Joshua Palacios",19818,641943
"René Pinto","TBR",12,24,25,4,2,1,0,1,1,3,1,0,14,0,0,0,0,0,0,0.166666666,"Rene Pinto",19859,650907
"Ryan McKenna","- - -",6,12,12,2,0,0,0,2,2,2,0,0,4,0,0,0,0,0,0,0.166666666,"Ryan McKenna",19928,663630
"Gavin Lux","- - -",88,102,113,17,15,2,0,0,13,8,10,0,36,1,0,0,1,1,0,0.166666666,"Gavin Lux",19955,666158
"Alex Kirilloff","MIN",9,6,8,1,1,0,0,0,1,1,0,0,0,1,1,0,0,0,0,0.166666666,"Alex Kirilloff",20325,666135
"Brewer Hicklen","- - -",4,6,6,1,0,1,0,0,1,1,0,0,4,0,0,0,0,0,0,0.166666666,"Brewer Hicklen",20450,676551
"Steward Berroa","- - -",11,18,20,3,3,0,0,0,4,1,2,0,9,0,0,0,0,3,0,0.166666666,"Steward Berroa",22766,672642
"Jordyn Adams","- - -",7,12,13,2,2,0,0,0,2,0,1,0,3,0,0,0,1,2,0,0.166666666,"Jordyn Adams",23788,677941
"Ronny Simon","- - -",10,12,14,2,2,0,0,0,0,1,1,0,2,0,0,1,0,0,0,0.166666666,"Ronny Simon",25346,682927
"Tsung-Che Cheng","- - -",6,6,6,1,1,0,0,0,1,0,0,0,5,0,0,0,0,0,1,0.166666666,"Tsung-Che Cheng",28344,691907
"Niko Kavadas","LAA",10,12,14,2,1,0,0,1,3,1,2,0,6,0,0,0,0,0,0,0.166666666,"Niko Kavadas",29782,694359
"Alan Roden","- - -",21,24,29,4,3,0,0,1,4,2,3,0,3,2,0,0,0,0,0,0.166666666,"Alan Roden",31564,702176
"Dylan Beavers","BAL",39,42,50,7,5,1,0,1,5,5,6,0,10,0,1,1,0,1,0,0.166666666,"Dylan Beavers",31695,687637
"CJ Kayfus","CLE",20,24,25,4,2,1,0,1,2,2,0,0,9,1,0,0,0,1,0,0.166666666,"CJ Kayfus",33704,692216
"Chris Taylor","- - -",76,116,134,19,15,2,1,1,10,8,15,0,42,0,2,1,4,1,1,0.163793103,"Chris Taylor",13757,621035
"Elehuris Montero","COL",29,55,62,9,9,0,0,0,5,6,6,0,13,0,1,0,2,0,0,0.163636363,"Elehuris Montero",20543,660707
"Luke Raley","SEA",109,129,143,21,14,5,0,2,11,5,9,0,41,3,0,2,0,2,1,0.162790697,"Luke Raley",19354,670042
"Drew Millas","WSN",33,43,50,7,6,1,0,0,6,2,7,0,21,0,0,0,0,3,0,0.162790697,"Drew Millas",25643,686452
"Nick Martini","- - -",26,37,39,6,3,1,1,1,6,3,1,0,8,1,0,0,0,0,1,0.162162162,"Nick Martini",12005,605361
"Riley Adams","WSN",66,136,152,22,14,4,1,3,11,6,11,1,54,5,0,0,4,0,0,0.161764705,"Riley Adams",19864,656180
"Vinny Capra","- - -",27,56,60,9,7,1,0,1,4,4,0,0,14,1,1,2,4,2,0,0.160714285,"Vinny Capra",25040,681962
"Mickey Gasper","- - -",40,50,58,8,8,0,0,0,5,6,6,0,16,0,0,2,2,0,0,0.16,"Mickey Gasper",24759,681508
"Jesús Sánchez","- - -",146,201,218,32,23,5,0,4,21,12,12,0,61,4,0,1,5,6,1,0.15920398,"Jesus Sanchez",19913,660821
"Kyren Paris","LAA",28,44,48,7,3,2,0,2,4,3,2,0,14,2,0,0,0,1,0,0.159090909,"Kyren Paris",26420,677347
"Braden Shewmake","- - -",18,19,21,3,3,0,0,0,1,1,1,0,4,0,0,1,0,1,0,0.157894736,"Braden Shewmake",25817,669699
"LuJames Groover","ARI",9,19,21,3,1,1,0,1,3,3,1,0,5,1,0,0,1,0,0,0.157894736,"LuJames Groover",33552,694410
"Henry Davis","PIT",85,127,138,20,11,4,0,5,15,14,9,0,34,1,1,0,1,1,0,0.157480314,"Henry Davis",29617,680779
"Kevin Kiermaier","- - -",35,51,57,8,6,2,0,0,2,2,5,0,17,0,0,1,1,2,0,0.156862745,"Kevin Kiermaier",11038,595281
"Alex Jackson","- - -",53,96,107,15,6,4,0,5,13,9,7,0,38,3,1,0,1,0,0,0.15625,"Alex Jackson",17276,656577
"Bryan Torres","STL",12,13,15,2,2,0,0,0,2,0,1,0,2,0,0,1,0,0,0,0.153846153,"Bryan Torres",21464,663494
"Luis Vázquez","- - -",20,33,34,5,4,0,0,1,3,3,0,0,11,0,1,0,1,0,0,0.151515151,"Luis Vazquez",23442,676679
"Kameron Misner","- - -",43,53,56,8,5,2,0,1,4,6,2,0,21,1,0,0,0,2,0,0.150943396,"Kameron Misner",26374,670224
"Jacob Amaya","CHW",29,47,52,7,6,1,0,0,6,3,4,0,19,0,1,0,2,1,0,0.14893617,"Jacob Amaya",23296,676070
"Luke Williams","ATL",23,27,29,4,3,1,0,0,5,2,1,0,8,1,0,0,2,2,0,0.148148148,"Luke Williams",19931,663897
"Drew Waters","KCR",28,41,45,6,6,0,0,0,3,1,3,0,14,1,0,0,0,0,0,0.146341463,"Drew Waters",20505,671221
"Nacho Alvarez Jr.","ATL",35,55,64,8,6,2,0,0,5,6,5,0,19,2,1,1,0,0,0,0.145454545,"Nacho Alvarez Jr.",31765,805373
"Rowdy Tellez","- - -",59,62,72,9,6,1,0,2,6,6,9,0,27,1,0,0,2,0,0,0.14516129,"Rowdy Tellez",15679,642133
"Jakson Reetz","SFG",5,7,7,1,0,0,0,1,1,1,0,0,3,0,0,0,0,0,0,0.142857142,"Jakson Reetz",17837,656883
"Trey Cabbage","HOU",8,7,7,1,1,0,0,0,2,0,0,0,5,0,0,0,0,1,0,0.142857142,"Trey Cabbage",21078,663550
"Will Benson","CIN",66,77,93,11,5,3,0,3,7,11,12,0,27,1,2,1,2,3,3,0.142857142,"Will Benson",21853,666181
"Mason McCoy","SDP",11,14,17,2,2,0,0,0,2,0,3,0,4,0,0,0,1,1,0,0.142857142,"Mason McCoy",22232,669200
"Bubba Thompson","CIN",6,14,14,2,1,1,0,0,1,0,0,0,7,0,0,0,1,1,0,0.142857142,"Bubba Thompson",22261,669352
"Eliezer Alfonzo","LAD",5,7,7,1,1,0,0,0,0,0,0,0,1,0,0,0,0,0,0,0.142857142,"Eliezer Alfonzo",22741,672613
"Greg Jones","MIL",5,7,7,1,1,0,0,0,0,0,0,0,3,0,0,0,0,0,1,0.142857142,"Greg Jones",25448,675659
"Logan Driscoll","TBR",3,7,7,1,1,0,0,0,1,0,0,0,2,0,0,0,0,0,0,0.142857142,"Logan Driscoll",25475,686482
"Jacob Hurtubise","CIN",8,7,10,1,1,0,0,0,1,0,0,0,3,1,0,2,0,0,0,0.142857142,"Jacob Hurtubise",27599,674441
"Drew Romo","- - -",31,42,49,6,4,1,0,1,2,2,6,0,15,0,0,1,0,0,1,0.142857142,"Drew Romo",27763,691011
"Jacob Melton","HOU",9,14,15,2,2,0,0,0,1,1,1,0,5,0,0,0,2,2,0,0.142857142,"Jacob Melton",31661,689200
"Jim Jarvis","ATL",6,7,8,1,0,1,0,0,2,0,0,0,2,1,0,0,0,0,0,0.142857142,"Jim Jarvis",33492,805347
"Cooper Pratt","MIL",13,21,24,3,3,0,0,0,2,2,2,0,5,0,1,0,2,3,0,0.142857142,"Cooper Pratt",33530,806198
"Jon Singleton","HOU",49,78,84,11,7,2,0,2,6,3,6,0,31,0,0,0,1,0,0,0.141025641,"Jon Singleton",10441,572138
"Tyler Locklear","- - -",26,50,54,7,4,0,0,3,4,5,3,0,23,1,0,0,2,0,0,0.14,"Tyler Locklear",31396,682988
"Yohendrick Piñango","TOR",18,29,29,4,1,2,0,1,1,3,0,0,12,0,0,0,0,0,0,0.137931034,"Yohendrick Pinango",26664,682818
"Trey Lipscomb","WSN",36,73,76,10,9,1,0,0,5,1,2,0,13,1,0,0,4,3,2,0.136986301,"Trey Lipscomb",31567,702358
"Luis Campusano","SDP",62,95,105,13,7,3,0,3,10,10,9,0,18,1,0,0,3,0,0,0.136842105,"Luis Campusano",22217,669134
"Alex Freeland","LAD",30,44,48,6,5,1,0,0,3,3,4,0,23,0,0,0,1,0,0,0.136363636,"Alex Freeland",31665,690976
"Denzer Guzman","LAA",20,37,39,5,2,1,0,2,4,5,2,0,18,0,0,0,0,0,1,0.135135135,"Denzer Guzman",28816,694203
"Josh Rojas","- - -",74,97,105,13,11,2,0,0,1,5,6,0,33,1,0,1,2,1,0,0.134020618,"Josh Rojas",19734,668942
"Oliver Dunn","- - -",17,15,17,2,2,0,0,0,3,3,0,0,6,1,0,1,0,0,0,0.133333333,"Oliver Dunn",26295,686554
"Tristan Peters","- - -",25,30,34,4,4,0,0,0,2,3,1,0,8,1,0,2,0,0,2,0.133333333,"Tristan Peters",30063,671976
"Jase Bowen","SDP",13,23,25,3,1,2,0,0,2,1,2,0,7,0,0,0,0,1,0,0.130434782,"Jase Bowen",26047,687749
"Carson Williams","TBR",27,46,51,6,3,0,0,3,4,4,5,0,20,0,0,0,1,1,0,0.130434782,"Carson Williams",30038,700246
"Christian Encarnacion-Strand","- - -",35,70,72,9,8,1,0,0,2,2,2,0,24,0,0,0,2,0,0,0.128571428,"Christian Encarnacion-Strand",30011,687952
"Omar Narváez","- - -",8,8,10,1,1,0,0,0,2,0,1,0,3,0,0,1,0,0,0,0.125,"Omar Narvaez",13338,553882
"Hayden Senger","NYM",12,16,19,2,2,0,0,0,2,3,0,0,8,1,1,1,0,0,0,0.125,"Hayden Senger",21489,663584
"Sebastián Rivero","LAA",14,16,19,2,2,0,0,0,2,0,2,0,2,0,0,1,0,1,0,0.125,"Sebastian Rivero",21735,665861
"Blake Sabol","- - -",7,8,9,1,1,0,0,0,0,1,0,0,3,0,1,0,0,0,0,0.125,"Blake Sabol",25805,666165
"Sung-Mun Song","SDP",7,8,8,1,1,0,0,0,0,3,0,0,1,0,0,0,0,1,0,0.125,"Sung-Mun Song",37122,823550
"Kris Bryant","COL",26,50,53,6,4,2,0,0,2,0,2,0,20,1,0,0,2,0,0,0.12,"Kris Bryant",15429,592178
"Owen Miller","- - -",16,25,27,3,2,1,0,0,1,0,1,0,7,1,0,0,1,1,0,0.12,"Owen Miller",24655,680911
"José Abreu","HOU",16,34,37,4,2,2,0,0,4,1,2,0,5,1,0,0,1,0,0,0.117647058,"Jose Abreu",15676,547989
"Evan Carter","TEX",71,85,98,10,10,0,0,0,13,3,8,0,29,2,0,3,0,0,0,0.117647058,"Evan Carter",27790,694497
"Yoán Moncada","- - -",42,52,62,6,5,1,0,0,2,2,7,0,21,2,1,0,1,0,0,0.115384615,"Yoan Moncada",17232,660162
"Junior Perez","CHW",12,26,26,3,2,0,0,1,1,1,0,0,10,0,0,0,0,0,1,0.115384615,"Junior Perez",23989,678577
"Joey Gallo","WSN",41,61,64,7,4,1,0,2,5,6,2,0,28,1,0,0,0,1,0,0.114754098,"Joey Gallo",14128,608336
"Bobby Dalbec","- - -",26,44,48,5,5,0,0,0,2,4,4,0,24,0,0,0,1,0,0,0.113636363,"Bobby Dalbec",19966,666915
"Aledmys Díaz","- - -",5,9,9,1,1,0,0,0,1,0,0,0,3,0,0,0,0,0,0,0.111111111,"Aledmys Diaz",15937,649557
"Ryan Noda","- - -",15,18,23,2,1,0,0,1,2,1,4,0,8,0,0,1,0,0,0,0.111111111,"Ryan Noda",23312,676116
"Ryan Fitzgerald","MIN",13,18,20,2,0,0,0,2,3,4,2,0,2,0,0,0,0,0,0,0.111111111,"Ryan Fitzgerald",24622,680837
"Kyle McCann","OAK",9,9,10,1,1,0,0,0,0,1,1,0,3,0,0,0,0,0,0,0.111111111,"Kyle McCann",25575,668832
"Pedro León","HOU",6,9,10,1,1,0,0,0,2,0,1,0,5,0,0,0,1,2,0,0.111111111,"Pedro Leon",27781,694175
"Moisés Ballesteros","CHC",12,9,12,1,0,1,0,0,3,0,3,0,4,0,0,0,0,0,0,0.111111111,"Moises Ballesteros",28820,694208
"Yuli Gurriel","- - -",24,46,54,5,4,1,0,0,2,5,7,0,11,0,1,0,0,1,0,0.108695652,"Yuli Gurriel",19198,493329
"Gustavo Campero","LAA",20,28,28,3,1,0,0,2,2,7,0,0,6,0,0,0,0,0,1,0.107142857,"Gustavo Campero",22707,672569
"Endy Rodríguez","PIT",22,28,33,3,2,1,0,0,1,0,5,0,12,0,0,0,0,1,0,0.107142857,"Endy Rodriguez",25332,682848
"Grant McCray","SFG",19,28,30,3,1,1,0,1,2,3,2,0,16,0,0,0,1,0,0,0.107142857,"Grant McCray",25690,687529
"Ronny Mauricio","NYM",33,47,49,5,4,1,0,0,2,0,2,0,19,0,0,0,2,0,0,0.106382978,"Ronny Mauricio",23698,677595
"Petey Halpin","CLE",14,19,20,2,2,0,0,0,3,0,1,0,7,0,0,0,0,0,0,0.105263157,"Petey Halpin",27931,690984
"Tim Elko","CHW",10,19,20,2,1,0,0,1,1,1,1,0,13,0,0,0,0,1,0,0.105263157,"Tim Elko",31522,671284
"Davis Wendzel","- - -",19,39,40,4,1,2,0,1,2,2,1,0,7,0,0,0,1,0,0,0.102564102,"Davis Wendzel",26469,673995
"Travis Jankowski","- - -",18,20,20,2,2,0,0,0,2,0,0,0,5,0,0,0,0,1,0,0.1,"Travis Jankowski",13768,608671
"Shay Whitcomb","HOU",23,30,32,3,1,0,0,2,2,3,2,0,8,0,0,0,0,0,0,0.1,"Shay Whitcomb",27789,694376
"Jake Cave","COL",36,41,42,4,4,0,0,0,2,4,0,0,18,0,0,1,1,0,0,0.097560975,"Jake Cave",14477,595909
"Enmanuel Valdez","- - -",33,42,47,4,3,1,0,0,1,3,4,0,10,0,0,1,0,0,0,0.095238095,"Enmanuel Valdez",21716,665839
"Hunter Feduccia","- - -",33,42,43,4,3,1,0,0,0,1,1,0,15,0,0,0,0,0,0,0.095238095,"Hunter Feduccia",23372,676439
"José Barrero","STL",6,11,12,1,1,0,0,0,0,0,1,0,3,0,0,0,0,0,0,0.09090909,"Jose Barrero",23378,676480
"Ji Hwan Bae","PIT",10,11,11,1,1,0,0,0,0,0,0,0,7,0,0,0,0,1,0,0.09090909,"Ji Hwan Bae",23818,678225
"Brian Serven","TOR",12,23,25,2,1,1,0,0,2,1,2,0,10,0,0,0,0,0,0,0.086956521,"Brian Serven",19422,661531
"Tucker Barnhart","- - -",23,35,38,3,2,1,0,0,5,1,2,0,15,0,0,1,1,0,0,0.085714285,"Tucker Barnhart",10200,571466
"Sandy León","ATL",12,24,24,2,2,0,0,0,0,1,0,0,9,0,0,0,0,0,0,0.083333333,"Sandy Leon",5273,506702
"Buddy Kennedy","- - -",24,36,43,3,1,2,0,0,2,2,7,0,10,0,0,0,0,0,0,0.083333333,"Buddy Kennedy",22505,671083
"Nick Solak","- - -",7,13,15,1,1,0,0,0,0,1,1,0,2,0,1,0,0,0,0,0.076923076,"Nick Solak",19294,669256
"Tom Murphy","SFG",7,14,16,1,1,0,0,0,0,0,2,0,8,0,0,0,0,0,0,0.071428571,"Tom Murphy",13499,608596
"Adael Amador","COL",22,28,30,2,2,0,0,0,2,1,2,0,6,0,0,0,1,0,0,0.071428571,"Adael Amador",27962,691182
"Zach Cole","HOU",12,14,17,1,1,0,0,0,2,0,3,0,8,0,0,0,0,0,0,0.071428571,"Zach Cole",31583,805904
"Alan Trejo","COL",15,30,30,2,2,0,0,0,0,0,0,0,6,0,0,0,3,0,0,0.066666666,"Alan Trejo",20056,676701
"Rodolfo Durán","SDP",11,15,19,1,0,1,0,0,1,1,3,0,5,1,0,0,1,0,0,0.066666666,"Rodolfo Duran",20958,660710
"Drew Gilbert","SFG",35,46,49,3,2,1,0,0,2,2,2,0,15,0,0,1,2,0,1,0.065217391,"Drew Gilbert",31545,687551
"Chuckie Robinson","- - -",21,31,35,2,2,0,0,0,1,0,1,0,9,1,0,2,0,0,0,0.064516129,"Chuckie Robinson",19824,642020
"Yan Gomes","CHC",13,16,17,1,1,0,0,0,1,1,1,0,8,0,0,0,0,0,0,0.0625,"Yan Gomes",9627,543228
"Cole Tucker","LAA",10,20,22,1,1,0,0,0,1,0,2,0,8,0,0,0,0,1,0,0.05,"Cole Tucker",17326,657061
"Luis Guillorme","- - -",21,21,22,1,1,0,0,0,2,0,1,0,6,0,0,0,2,1,0,0.047619047,"Luis Guillorme",16451,641645
"DaShawn Keirsey Jr.","MIN",21,21,23,1,1,0,0,0,4,1,1,0,12,0,0,1,0,0,0,0.047619047,"DaShawn Keirsey Jr.",24496,680577
"Rece Hinds","- - -",29,49,51,2,1,0,0,1,2,3,2,0,29,0,0,0,0,1,0,0.040816326,"Rece Hinds",27493,677956
"Joey Wendle","NYM",5,5,5,0,0,0,0,0,1,0,0,0,1,0,0,0,0,0,0,0,"Joey Wendle",13853,621563
"Austin Nola","COL",5,4,6,0,0,0,0,0,0,0,1,0,0,0,0,1,0,0,0,0,"Austin Nola",15941,543592
"Jason Vosler","SEA",2,5,5,0,0,0,0,0,0,0,0,0,1,0,0,0,0,0,0,0,"Jason Vosler",16686,613564
"DJ Stewart","NYM",13,12,15,0,0,0,0,0,2,0,2,0,6,1,0,0,1,1,0,0,"DJ Stewart",17766,621466
"Sandro Fabian","TEX",3,5,5,0,0,0,0,0,0,0,0,0,0,0,0,0,0,0,0,0,"Sandro Fabian",19910,660758
"George Valera","CLE",6,7,7,0,0,0,0,0,0,0,0,0,1,0,0,0,2,0,0,0,"George Valera",22541,671655
"Levi Jordan","CIN",4,5,6,0,0,0,0,0,0,1,0,0,1,0,1,0,0,0,0,0,"Levi Jordan",25138,682119
"Grae Kessinger","HOU",5,5,6,0,0,0,0,0,2,0,1,0,3,0,0,0,0,0,0,0,"Grae Kessinger",25813,666197
"Maverick Handley","BAL",5,4,7,0,0,0,0,0,0,1,1,0,3,1,1,0,0,0,0,0,"Maverick Handley",26106,668974
"Zac Veen","COL",8,8,10,0,0,0,0,0,0,0,2,0,2,0,0,0,0,0,0,0,"Zac Veen",27770,691728
"Chad Stevens","- - -",12,18,21,0,0,0,0,0,1,0,3,0,10,0,0,0,0,0,0,0,"Chad Stevens",29614,677060
"Kyler Fedko","MIN",5,9,11,0,0,0,0,0,0,0,2,0,6,0,0,0,0,0,0,0,"Kyler Fedko",29930,693459
"Wade Meckler","LAA",10,13,15,0,0,0,0,0,1,0,2,0,6,0,0,0,0,0,0,0,"Wade Meckler",31490,685133
"Nick Morabito","NYM",3,6,7,0,0,0,0,0,0,0,0,0,4,1,0,0,0,0,0,0,"Nick Morabito",32119,703492
