Name,Team,W,L,ERA,G,GS,QS,CG,ShO,SV,HLD,BS,IP,TBF,H,R,ER,HR,BB,IBB,HBP,WP,BK,SO,NameASCII,PlayerId,MLBAMID
"Jacob Misiorowski","MIL",10,4,1.6216216216216217,18,18,12,1,1,0,0,0,111,422,57,27,20,9,27,0,8,5,1,167,"Jacob Misiorowski",31623,694819
"Dylan Cease","TOR",6,4,2.562711996962311,17,17,7,0,0,0,0,0,98.1,401,67,31,28,5,44,0,3,3,0,148,"Dylan Cease",18525,656302
"Gavin Williams","CLE",10,5,3.9972068742808284,20,20,7,0,0,0,0,0,119.1,485,100,56,53,20,37,0,3,3,0,145,"Gavin Williams",30122,668909
"Cam Schlittler","NYY",9,6,2.1951219512195124,21,21,12,0,0,0,0,0,123,489,93,37,30,12,25,0,4,0,0,145,"Cam Schlittler",32095,693645
"Cristopher Sánchez","PHI",11,4,2.6151833505354216,20,20,14,1,1,0,0,0,127.1,525,126,42,37,12,25,0,2,1,0,144,"Cristopher Sanchez",20778,650911
"Jesús Luzardo","PHI",9,4,3.4335261629810736,20,20,10,0,0,0,0,0,115.1,483,102,50,44,10,37,0,7,5,1,143,"Jesus Luzardo",19959,666200
"Paul Skenes","PIT",9,8,3.4335261629810736,21,21,10,0,0,0,0,0,115.1,465,94,51,44,11,26,0,7,1,0,138,"Paul Skenes",33677,694973
"Nolan McLean","NYM",7,6,3.3352942673310344,20,20,11,0,0,0,0,0,113.1,469,83,51,42,10,41,0,13,2,0,135,"Nolan McLean",33703,690997
"Reid Detmers","LAA",3,6,4.159883813190101,20,20,8,0,0,0,0,0,114.2,474,93,56,53,12,35,0,4,3,0,130,"Reid Detmers",27468,672282
"Logan Gilbert","SEA",8,6,3.375,20,20,9,0,0,0,0,0,120,472,93,45,45,15,25,1,5,3,0,129,"Logan Gilbert",22250,669302
"Joe Ryan","MIN",6,5,2.8549850258719465,20,20,11,0,0,0,0,0,110.1,450,91,46,35,10,25,0,5,2,0,128,"Joe Ryan",21390,657746
"Braxton Ashcraft","PIT",9,3,3.4941178038706076,19,19,10,0,0,0,0,0,113.1,461,99,48,44,14,27,0,6,1,0,128,"Braxton Ashcraft",23793,677952
"Taj Bradley","MIN",9,4,3.84520132921535,19,19,8,0,0,0,0,0,107.2,456,92,46,46,16,43,0,2,4,0,124,"Taj Bradley",22543,671737
"Chris Sale","ATL",10,6,2.057142857142857,18,18,11,0,0,0,0,0,105,426,86,29,24,8,25,0,9,0,0,123,"Chris Sale",10603,519242
"Nathan Eovaldi","TEX",9,8,4.213873018204045,19,19,10,0,0,0,0,0,115.1,483,111,57,54,22,28,0,6,5,0,122,"Nathan Eovaldi",9132,543135
"Jacob deGrom","TEX",7,5,3.4867550549729467,18,18,8,0,0,0,0,0,100.2,401,80,39,39,16,22,2,0,3,0,122,"Jacob deGrom",10954,594798
"MacKenzie Gore","TEX",6,8,4.798192881347309,21,21,6,0,0,0,0,0,110.2,475,100,59,59,14,42,0,5,1,0,122,"MacKenzie Gore",22201,669022
"Max Meyer","MIA",9,1,2.675675675675676,20,20,7,0,0,0,0,0,111,462,85,39,33,11,41,0,7,5,0,121,"Max Meyer",27474,676974
"Sean Burke","CHW",7,4,3.2047479195862687,20,16,7,0,0,0,0,0,112.1,458,93,41,40,13,34,0,7,6,0,120,"Sean Burke",29878,680732
"Cade Cavalli","WSN",6,4,3.7834395823737363,21,21,9,0,0,0,0,0,104.2,454,105,53,44,9,32,0,12,3,1,119,"Cade Cavalli",27473,676917
"Chase Burns","CIN",11,1,2.5422078551802167,18,18,9,0,0,0,0,0,102.2,413,77,29,29,12,37,0,0,3,0,118,"Chase Burns",35333,695505
"Kevin Gausman","TOR",4,8,4.326409691441462,20,20,10,0,0,0,0,0,112.1,470,105,59,54,15,32,1,1,1,3,116,"Kevin Gausman",14107,592332
"José Soriano","LAA",8,6,3.4864864864864864,20,20,7,0,0,0,0,0,111,466,90,46,43,12,53,1,4,1,0,115,"Jose Soriano",22100,667755
"Yoshinobu Yamamoto","LAD",10,6,2.7827298641519334,18,18,14,1,0,0,0,0,119.2,455,80,38,37,13,25,1,3,2,0,113,"Yoshinobu Yamamoto",33825,808967
"Joey Cantillo","CLE",8,5,3.7358490566037736,21,21,4,0,0,0,0,0,106,455,99,50,44,12,52,0,2,5,0,112,"Joey Cantillo",23335,676282
"Foster Griffin","WSN",11,2,2.684659207285933,20,20,11,0,0,0,0,0,117.1,473,94,40,35,17,27,0,7,3,1,111,"Foster Griffin",16432,656492
"Ryan Weathers","NYY",3,7,4.146757787157854,18,18,6,0,0,0,0,0,97.2,409,94,51,45,16,27,0,2,5,0,110,"Ryan Weathers",23796,677960
"Parker Messick","CLE",8,5,2.732143043255332,19,19,7,0,0,0,0,0,112,445,84,36,34,10,36,2,1,3,1,110,"Parker Messick",31986,800048
"Bryan Woo","SEA",7,6,4.160121037699122,19,19,11,0,0,0,0,0,110.1,450,98,55,51,12,22,1,3,2,1,109,"Bryan Woo",30279,693433
"Shota Imanaga","CHC",6,8,3.9130434782608696,20,20,8,0,0,0,0,0,115,464,100,51,50,22,28,0,3,4,0,109,"Shota Imanaga",33829,684007
"Zack Wheeler","PHI",10,1,2.129032258064516,15,15,11,0,0,0,0,0,93,355,61,22,22,10,22,0,2,1,0,108,"Zack Wheeler",10310,554430
"Aaron Nola","PHI",3,7,5.679611650485437,20,20,6,0,0,0,0,0,103,452,114,67,65,23,35,1,1,2,0,108,"Aaron Nola",16149,605400
"Sandy Alcantara","MIA",10,5,3.8853661428584507,21,21,15,1,1,0,0,0,136.2,568,130,64,59,14,37,0,7,1,1,107,"Sandy Alcantara",18684,645261
"Kyle Bradish","BAL",6,9,3.605590232971866,19,19,9,0,0,0,0,0,107.1,454,95,49,43,12,50,1,1,6,0,106,"Kyle Bradish",24586,680694
"Landen Roupp","SFG",7,8,3.980769230769231,19,19,9,0,0,0,0,0,104,435,87,50,46,7,45,0,3,1,0,106,"Landen Roupp",30076,694738
"Freddy Peralta","NYM",5,8,4.658147191941487,20,20,4,0,0,0,0,0,104.1,466,106,61,54,15,44,0,5,6,0,104,"Freddy Peralta",18679,642547
"Eury Pérez","MIA",5,7,3.5345455526052456,17,17,7,0,0,0,0,0,91.2,371,65,40,36,13,37,0,7,3,1,104,"Eury Perez",27768,691587
"Kyle Harrison","MIL",8,2,3.0119522827863436,17,17,6,0,0,0,0,0,83.2,341,70,28,28,10,20,0,4,2,0,101,"Kyle Harrison",27758,690986
"J.T. Ginn","ATH",8,6,3.457317264164448,22,19,9,1,0,0,0,1,109.1,457,84,46,42,13,49,1,6,2,1,100,"J.T. Ginn",27889,669372
"Shane Baz","BAL",4,9,4.191044871567566,19,19,7,0,0,0,0,0,111.2,482,113,58,52,9,42,1,3,5,0,99,"Shane Baz",22264,669358
"Jack Flaherty","DET",3,8,4.481781653386886,18,18,2,0,0,0,0,0,82.1,371,76,49,41,9,40,1,7,5,1,98,"Jack Flaherty",17479,656427
"Tarik Skubal","DET",6,5,2.830645248371409,14,14,7,0,0,0,0,0,82.2,321,66,29,26,10,11,0,4,0,0,98,"Tarik Skubal",22267,669373
"Drew Rasmussen","TBR",7,5,3.261745133457319,18,18,10,0,0,0,0,0,99.1,392,77,38,36,12,17,0,5,2,0,98,"Drew Rasmussen",25385,656876
"George Kirby","SEA",7,8,3.7636363636363637,18,18,11,1,0,0,0,0,110,456,121,50,46,11,24,0,2,0,0,98,"George Kirby",25436,669923
"Ranger Suarez","BOS",4,3,3.153284847136162,17,17,7,0,0,0,0,0,91.1,376,80,34,32,5,26,0,2,0,0,97,"Ranger Suarez",17277,624133
"Davis Martin","CHW",9,5,3.311320754716981,19,19,10,0,0,0,0,0,106,440,102,39,39,6,33,0,4,7,1,97,"Davis Martin",21448,663436
"Robbie Ray","SFG",8,6,3.3343375122223637,20,19,7,0,0,0,0,0,110.2,465,90,49,41,15,54,0,0,3,0,96,"Robbie Ray",11486,592662
"Michael Wacha","KCR",5,7,3.7709498813970077,19,19,12,0,0,0,0,0,119.1,487,108,52,50,14,34,1,5,3,0,96,"Michael Wacha",14078,608379
"Michael King","SDP",6,7,3.3352942673310344,20,20,9,0,0,0,0,0,113.1,464,86,43,42,11,45,0,9,2,0,96,"Michael King",19853,650633
"Will Warren","NYY",7,4,4.027118852369346,19,19,5,0,0,0,0,0,98.1,429,101,56,44,14,33,0,3,3,1,96,"Will Warren",30182,701542
"Dustin May","STL",5,7,4.775510204081633,19,19,9,1,1,0,0,0,98,414,97,55,52,7,32,0,6,7,0,95,"Dustin May",19716,669160
"Shohei Ohtani","LAD",8,2,1.7859922709184424,14,14,12,0,0,0,0,0,85.2,340,55,21,17,4,26,0,6,0,1,95,"Shohei Ohtani",19755,660271
"Emerson Hancock","SEA",6,4,3.171141101972393,18,18,9,0,0,0,0,0,99.1,390,75,35,35,12,25,0,4,3,0,94,"Emerson Hancock",27470,676106
"Emmet Sheehan","LAD",4,6,4.809716896317634,17,17,5,0,0,0,0,0,82.1,350,76,45,44,15,26,0,5,2,2,93,"Emmet Sheehan",29839,686218
"Connelly Early","BOS",7,5,3.436363731699544,17,17,7,0,0,0,0,0,91.2,390,81,35,35,15,34,0,9,4,1,93,"Connelly Early",33666,813349
"Noah Cameron","KCR",5,8,5.274834570343689,19,19,5,0,0,0,0,0,100.2,449,113,64,59,14,34,1,2,1,0,92,"Noah Cameron",30184,702070
"Peter Lambert","HOU",8,5,3.032608695652174,16,16,7,0,0,0,0,0,92,379,66,31,31,11,36,0,7,4,0,91,"Peter Lambert",17969,663567
"Sonny Gray","BOS",12,1,2.4786885865930923,18,18,13,0,0,0,0,0,101.2,408,86,29,28,11,28,0,3,0,1,90,"Sonny Gray",12768,543243
"Seth Lugo","KCR",3,6,4.391566365978893,20,20,11,0,0,0,0,0,110.2,473,120,62,54,15,36,0,4,1,1,89,"Seth Lugo",12447,607625
"Matthew Liberatore","STL",5,6,4.9964414167965225,19,19,4,0,0,0,0,0,93.2,412,103,57,52,17,36,0,4,4,0,88,"Matthew Liberatore",22294,669461
"Framber Valdez","DET",5,6,4.0959753289467855,19,19,10,0,0,0,0,0,107.2,469,106,54,49,11,36,0,10,3,0,87,"Framber Valdez",17295,664285
"Spencer Arrighetti","HOU",7,5,4.344827586206897,16,16,6,0,0,0,0,0,87,377,66,44,42,12,48,0,12,1,1,87,"Spencer Arrighetti",29921,681293
"Tanner Bibee","CLE",3,9,3.9026548672566372,20,20,11,0,0,0,0,0,113,457,96,51,49,20,34,0,2,2,0,87,"Tanner Bibee",30134,676440
"Brandon Sproat","MIL",3,4,5.158536825344589,18,16,3,0,0,0,0,0,82,352,73,48,47,15,39,0,9,6,0,87,"Brandon Sproat",33850,687075
"Payton Tolle","BOS",5,6,3.107142857142857,15,15,8,0,0,0,0,0,84,341,65,33,29,8,25,0,2,2,1,87,"Payton Tolle",35466,801139
"Bryce Elder","ATL",5,6,4.120129972188627,18,18,10,0,0,0,0,0,102.2,435,96,52,47,15,32,0,2,1,0,86,"Bryce Elder",27779,693821
"Logan Webb","SFG",5,7,3.869158878504673,17,17,11,1,0,0,0,0,107,438,92,49,46,9,27,0,6,1,0,85,"Logan Webb",17995,657277
"Shane McClanahan","TBR",8,6,3.065934065934066,18,18,4,0,0,0,0,0,91,378,74,39,31,7,31,0,3,3,0,85,"Shane McClanahan",21483,663556
"Bubba Chandler","PIT",3,8,4.770318037276784,19,18,2,0,0,0,0,0,94.1,421,82,56,50,10,55,1,5,4,0,85,"Bubba Chandler",29868,696149
"Roki Sasaki","LAD",3,5,4.984615530883071,17,17,4,0,0,0,0,0,86.2,374,82,50,48,19,34,0,5,7,0,85,"Roki Sasaki",35323,808963
"Jeffrey Springs","ATH",3,9,6.081911421164852,19,19,4,0,0,0,0,0,97.2,430,102,72,66,26,37,0,2,0,1,84,"Jeffrey Springs",17677,605488
"Andrew Abbott","CIN",5,5,4.114285714285714,20,20,7,0,0,0,0,0,105,457,101,51,48,16,48,0,0,0,0,84,"Andrew Abbott",29911,671096
"Jack Leiter","TEX",3,7,5.2875,15,15,2,0,0,0,0,0,80,355,80,50,47,14,35,0,4,2,0,83,"Jack Leiter",30146,683004
"Eduardo Rodriguez","ARI",8,3,2.6228572000308925,20,20,12,0,0,0,0,0,116.2,478,101,36,34,12,41,0,0,0,1,82,"Eduardo Rodriguez",13164,593958
"Casey Mize","DET",4,6,2.789256286282383,15,15,7,0,0,0,0,0,80.2,320,64,26,25,5,19,0,1,0,0,82,"Casey Mize",20492,663554
"Brady Singer","CIN",4,9,4.562069085537328,19,19,6,0,0,0,0,0,96.2,428,105,54,49,21,31,0,8,2,0,82,"Brady Singer",25377,663903
"Luis Castillo","SEA",3,8,4.927756957760757,18,15,3,0,0,0,1,1,87.2,390,92,57,48,12,28,0,5,2,0,81,"Luis Castillo",15689,622491
"Sean Manaea","NYM",2,5,4.744770253135191,21,7,2,0,0,0,0,0,79.2,353,82,49,42,12,26,0,9,2,0,81,"Sean Manaea",15873,640455
"Walker Buehler","SDP",5,5,5.359550561797753,19,19,3,0,0,0,0,0,89,388,93,53,53,12,35,2,4,3,0,81,"Walker Buehler",19374,621111
"Kumar Rocker","TEX",2,8,4.400000279744484,18,16,4,0,0,0,0,0,90,390,89,45,44,12,34,0,3,6,0,80,"Kumar Rocker",31843,677958
"Kyle Freeland","COL",2,8,7.363636363636363,17,17,2,0,0,0,0,0,88,402,120,74,72,18,18,0,5,2,0,79,"Kyle Freeland",16256,607536
"Michael Soroka","ARI",8,3,3.073170731707317,15,15,7,0,0,0,0,0,82,333,72,28,28,6,17,0,5,1,0,79,"Michael Soroka",18383,647336
"Ian Seymour","TBR",6,2,4.788177924755764,34,7,1,0,0,2,9,0,67.2,283,53,39,36,12,26,4,4,2,0,79,"Ian Seymour",27932,693855
"Grant Holmes","ATL",6,4,3.703971323170098,19,18,5,0,0,0,0,0,92.1,400,83,40,38,15,41,0,3,4,0,78,"Grant Holmes",16944,656550
"Aaron Ashby","MIL",12,2,3.4335265604596343,47,1,0,0,0,0,7,5,57.2,254,54,26,22,5,29,1,2,6,1,78,"Aaron Ashby",23550,676879
"Walbert Ureña","LAA",5,7,2.877049292777378,17,15,6,0,0,0,1,0,81.1,354,61,33,26,5,46,1,7,3,1,78,"Walbert Urena",29357,700712
"Trey Yesavage","TOR",4,5,3.7777777777777777,15,15,6,0,0,0,0,0,81,335,53,35,34,8,41,0,2,4,0,78,"Trey Yesavage",35456,702056
"Mitch Keller","PIT",6,7,5.1387099303564225,19,19,9,0,0,0,0,0,103.1,443,102,64,59,13,35,0,7,4,1,77,"Mitch Keller",17594,656605
"Griffin Jax","TBR",5,7,4.080000155639654,26,15,1,0,0,0,2,2,75,312,69,43,34,13,26,1,2,2,0,77,"Griffin Jax",20253,643377
"Trevor Rogers","BAL",6,7,4.282758733361573,18,18,8,0,0,0,0,0,96.2,409,94,48,46,10,32,0,1,2,0,77,"Trevor Rogers",22286,669432
"Slade Cecconi","CLE",4,6,4.545454545454546,19,19,5,0,0,0,0,0,99,429,109,52,50,13,31,1,3,2,0,77,"Slade Cecconi",27500,677944
"Colin Rea","CHC",7,6,4.738410715732466,20,16,3,0,0,1,0,0,100.2,441,106,55,53,15,37,0,7,1,1,76,"Colin Rea",12317,607067
"Anthony Kay","CHW",6,4,4.242857417427781,20,18,3,0,0,0,0,0,93.1,422,90,48,44,13,38,0,18,3,2,76,"Anthony Kay",20387,641743
"Shane Drohan","MIL",5,3,3.197368581539384,20,10,4,0,0,1,2,0,76,317,69,32,27,6,21,0,3,0,0,76,"Shane Drohan",27814,675660
"Mike Burrows","HOU",4,9,5.98943678061893,18,17,4,0,0,0,0,0,94.2,423,112,69,63,21,35,0,4,1,0,75,"Mike Burrows",24728,681347
"Kyle Leahy","STL",7,4,3.727612152533013,18,18,3,0,0,0,0,0,89.1,388,93,37,37,9,33,0,5,3,0,75,"Kyle Leahy",24763,681517
"Andre Pallante","STL",10,6,4.0158229787234045,19,19,6,0,0,0,0,0,105.1,445,102,49,47,10,31,0,6,4,0,75,"Andre Pallante",26108,669467
"Mason Miller","SDP",2,1,0.8852459569991038,39,0,0,0,0,25,0,0,40.2,155,20,6,4,0,14,1,1,3,0,75,"Mason Miller",31757,695243
"Brandon Young","BAL",8,2,3.251824998609167,16,16,8,0,0,0,0,0,91.1,390,88,41,33,9,32,0,1,2,0,74,"Brandon Young",27819,687064
"Michael Lorenzen","COL",3,9,6.216495334310263,21,20,2,0,0,0,0,0,97,463,134,76,67,14,38,0,5,3,1,73,"Michael Lorenzen",14843,547179
"Tyler Mahle","SFG",2,8,5.3076923076923075,15,15,2,0,0,0,0,0,78,337,82,47,46,12,32,0,0,3,1,73,"Tyler Mahle",16358,641816
"Justin Wrobleski","LAD",10,2,2.6910300367503646,16,15,11,0,0,0,0,0,100.1,399,82,30,30,8,20,0,3,1,0,73,"Justin Wrobleski",31204,680736
"Christian Scott","NYM",3,1,2.865921909861726,13,13,0,0,0,0,0,0,59.2,253,47,20,19,7,26,0,5,0,1,72,"Christian Scott",30107,681035
"Jack Perkins","ATH",2,5,6.867052780223337,24,6,0,0,0,3,1,2,57.2,264,60,46,44,10,23,0,7,2,0,72,"Jack Perkins",31468,678022
"Drew Anderson","DET",3,4,4.23837275102769,35,2,0,0,0,2,5,3,57.1,250,53,30,27,9,23,1,4,3,1,71,"Drew Anderson",15130,623454
"Bryce Miller","SEA",4,4,2.2736842561758794,11,10,3,0,0,0,0,0,63.1,241,46,19,16,9,10,1,1,0,0,71,"Bryce Miller",29837,682243
"Michael McGreevy","STL",4,7,2.9166666666666665,19,19,13,0,0,0,0,0,108,427,95,36,35,14,24,0,0,2,0,71,"Michael McGreevy",29869,700241
"Connor Prielipp","MIN",2,5,4.995000190544135,13,13,3,0,0,0,0,0,66.2,294,66,45,37,8,25,0,5,1,2,71,"Connor Prielipp",31857,687570
"David Peterson","- - -",4,7,6.449393110971373,19,11,0,0,0,1,0,0,82.1,382,98,64,59,9,37,0,3,3,0,70,"David Peterson",20302,656849
"Keider Montero","DET",6,5,3.2185432496319226,21,15,7,0,0,1,0,0,100.2,399,77,38,36,9,22,2,3,1,0,70,"Keider Montero",22630,672456
"Louis Varland","TOR",3,3,1.0800000823974671,45,0,0,0,0,20,5,0,50,193,35,11,6,1,13,1,0,3,0,68,"Louis Varland",27691,686973
"Grant Taylor","CHW",4,2,2.7364867686180703,37,4,0,0,0,5,5,3,49.1,202,38,20,15,4,17,0,0,3,0,67,"Grant Taylor",33927,691799
"Jeff Hoffman","TOR",5,6,4.4645674655424665,45,0,0,0,0,5,11,4,42.1,188,43,25,21,4,16,4,4,3,1,66,"Jeff Hoffman",17432,656546
"Kai-Wei Teng","HOU",4,6,4.206030473260964,24,10,2,0,0,0,2,0,66.1,290,60,35,31,10,29,0,9,3,0,66,"Kai-Wei Teng",24282,678906
"Carmen Mlodzinski","PIT",6,3,3.11952214940304,21,9,1,0,0,2,1,0,83.2,359,84,36,29,6,28,0,2,0,0,66,"Carmen Mlodzinski",27572,669387
"Luis Severino","ATH",2,6,4.164893786040521,12,12,3,0,0,0,0,0,62.2,271,61,33,29,9,31,0,2,0,1,65,"Luis Severino",15890,622663
"Edward Cabrera","CHC",5,4,5.101382847193202,14,14,4,0,0,0,0,0,72.1,309,72,46,41,14,29,0,1,0,0,65,"Edward Cabrera",21690,665795
"Ben Brown","CHC",4,2,1.8529412804177947,20,8,3,0,0,1,2,1,68,265,45,16,14,2,19,0,2,6,0,65,"Ben Brown",23590,676962
"Cade Smith","CLE",3,1,2.779412076547519,43,0,0,0,0,28,0,3,45.1,184,38,17,14,4,11,1,1,5,0,65,"Cade Smith",27867,671922
"Chad Patrick","MIL",5,4,3.419214201629119,31,6,1,0,0,4,4,1,76.1,309,63,29,29,8,28,2,0,0,0,65,"Chad Patrick",30113,694477
"Ryan Zeferjahn","LAA",4,3,3.9130441272642926,40,0,0,0,0,3,7,2,46,199,24,22,20,5,31,3,7,1,0,63,"Ryan Zeferjahn",25420,666171
"AJ Blubaugh","HOU",4,2,3.6290324813493595,37,0,0,0,0,0,4,0,62,261,47,26,25,7,31,0,1,5,0,63,"AJ Blubaugh",31764,805123
"Tatsuya Imai","HOU",5,4,6.057692752082,13,13,4,0,0,0,0,0,52,233,45,35,35,9,33,0,4,1,1,63,"Tatsuya Imai",37124,837227
"Martín Pérez","ATL",6,6,3.540983620397316,18,14,2,0,0,0,0,0,81.1,333,65,33,32,10,32,1,2,0,0,62,"Martin Perez",6902,527048
"Merrill Kelly","ARI",7,8,5.199324458336816,17,17,7,1,0,0,0,0,98.2,432,107,59,57,21,40,2,2,0,1,62,"Merrill Kelly",11156,518876
"Nick Martinez","TBR",8,2,2.648734305115437,18,18,9,0,0,0,0,0,105.1,428,99,31,31,11,19,0,3,2,0,62,"Nick Martinez",12730,607259
"Randy Vásquez","SDP",6,6,4.55172428761595,18,16,4,0,0,0,0,0,87,380,102,48,44,14,27,1,3,1,0,62,"Randy Vasquez",24719,681190
"Ryne Nelson","ARI",3,5,4.9680003032226745,15,15,6,0,0,0,0,0,83.1,355,81,53,46,18,22,1,5,2,0,62,"Ryne Nelson",26253,669194
"Zack Littell","WSN",7,7,5.343750212341556,20,13,1,0,0,0,0,0,96,414,100,64,57,25,30,0,3,1,0,61,"Zack Littell",15823,641793
"Zac Gallen","ARI",3,9,6.336734693877551,19,19,3,0,0,0,0,0,98,440,122,74,69,18,31,1,4,1,0,61,"Zac Gallen",19291,668678
"Spencer Miles","TOR",4,2,3.5156254190952088,27,4,0,0,0,0,0,0,64,261,53,27,25,5,19,0,0,1,0,61,"Spencer Miles",31621,693686
"Rhett Lowder","CIN",3,7,5.75,17,14,3,0,0,0,0,0,72,335,83,47,46,9,35,1,3,1,1,61,"Rhett Lowder",33876,695076
"Patrick Corbin","TOR",3,4,5.214592317365002,18,15,1,0,0,1,0,0,77.2,346,91,46,45,11,25,0,6,1,0,60,"Patrick Corbin",9323,571578
"Erick Fedde","CHW",5,6,4.14606759343812,19,9,1,0,0,0,0,0,89,390,91,47,41,15,35,1,3,2,0,60,"Erick Fedde",17425,607200
"Jameson Taillon","CHC",2,5,5.187192313178013,13,13,4,0,0,0,0,0,67.2,287,65,40,39,20,23,1,2,1,0,59,"Jameson Taillon",11674,592791
"Yohan Ramírez","PIT",6,2,3.26751647931276,41,0,0,0,0,1,6,2,52.1,232,40,22,19,4,31,8,10,6,0,59,"Yohan Ramirez",19444,670990
"Griffin Canning","SDP",1,8,6.674157982778023,14,11,1,0,0,0,0,0,59.1,265,64,44,44,9,32,0,2,2,0,59,"Griffin Canning",19867,656288
"Adrian Morejon","SDP",7,2,3.4615392233494737,45,0,0,0,0,1,15,5,52,213,45,22,20,3,13,3,2,0,0,59,"Adrian Morejon",20039,670970
"Aaron Civale","ATH",5,7,5.4241075354381465,16,15,1,0,0,0,0,0,74.2,341,98,46,45,16,23,1,2,2,0,58,"Aaron Civale",19479,650644
"Bailey Ober","MIN",7,3,4.324675324675325,14,14,4,1,1,0,0,0,77,321,71,39,37,13,21,0,2,0,0,58,"Bailey Ober",21224,641927
"Jake Irvin","WSN",2,4,5.225806708837039,11,11,0,0,0,0,0,0,51.2,228,48,34,30,7,22,0,6,1,0,58,"Jake Irvin",21504,663623
"Mason Montgomery","PIT",2,3,3.923077690530961,40,5,0,0,0,1,9,2,39,165,31,18,17,4,18,0,0,2,0,58,"Mason Montgomery",29770,682254
"Zebby Matthews","MIN",4,7,5.4,12,12,7,0,0,0,0,0,70,297,73,44,42,15,21,0,2,2,2,58,"Zebby Matthews",31827,805673
"Lake Bachar","MIA",1,1,3.529412094697026,33,4,0,0,0,1,1,0,51,210,36,22,20,6,20,0,3,2,0,57,"Lake Bachar",19222,669199
"Hogan Harris","ATH",3,0,3.3750011064115815,46,0,0,0,0,6,10,4,42.2,195,38,17,16,5,27,2,4,0,0,57,"Hogan Harris",21520,663687
"Brent Headrick","NYY",5,1,1.4594598356349624,49,0,0,0,0,0,10,1,49.1,201,38,9,8,2,17,1,0,2,0,57,"Brent Headrick",27702,687396
"Adrian Houser","SFG",2,7,5.096386127746091,19,14,2,0,0,0,1,0,83,368,89,52,47,15,28,0,4,2,0,56,"Adrian Houser",12718,605288
"José Suarez","- - -",1,2,4.558442264167096,32,2,0,0,0,1,1,0,51.1,227,56,28,26,4,22,1,3,3,2,56,"Jose Suarez",19911,660761
"Dylan Lee","ATL",4,0,1.8134332488178422,46,0,0,0,0,0,19,1,44.2,166,25,10,9,1,8,0,0,0,0,56,"Dylan Lee",19996,669276
"Tyler Phillips","MIA",2,4,3.480000177001962,25,9,2,0,0,2,0,1,75,324,69,31,29,8,35,0,2,4,0,56,"Tyler Phillips",20629,663969
"Gage Jump","ATH",3,5,3.7834395823737363,10,10,3,0,0,0,0,0,52.1,221,52,24,22,4,17,1,3,3,0,56,"Gage Jump",35418,695611
"Gerrit Cole","NYY",3,5,3.9272727272727272,10,10,5,0,0,0,0,0,55,230,52,24,24,9,12,0,1,0,0,55,"Gerrit Cole",13125,543037
"Andrés Muñoz","SEA",3,4,3.963302890998172,39,0,0,0,0,17,0,5,36.1,154,29,17,16,4,15,0,1,1,1,55,"Andres Munoz",20373,662253
"Reynaldo López","ATL",4,2,3.5027028471540644,22,9,1,0,0,0,1,0,61.2,260,53,28,24,8,25,0,1,3,0,54,"Reynaldo Lopez",16400,625643
"Trevor McDonald","SFG",3,7,5.020100887440505,13,13,5,0,0,0,0,0,66.1,291,65,40,37,6,21,0,10,5,1,54,"Trevor McDonald",26448,686790
"Sean Newcomb","CHW",0,2,2.4545459652736246,36,1,0,0,0,3,7,1,55,222,40,17,15,1,19,3,5,0,0,53,"Sean Newcomb",16943,656794
"Andrew Alvarez","WSN",2,3,4.040816641112086,13,6,0,0,0,1,2,0,49,212,49,22,22,2,22,0,2,2,0,53,"Andrew Alvarez",29914,674841
"Andrew Painter","PHI",1,8,7.061538875963585,14,12,2,0,0,0,0,0,65,299,84,51,51,14,24,0,3,2,0,53,"Andrew Painter",30091,691725
"Fernando Cruz","NYY",4,3,2.3951622482148824,46,0,0,0,0,1,16,3,41.1,175,29,13,11,3,24,1,2,3,0,52,"Fernando Cruz",7048,518585
"Carlos Rodón","NYY",4,2,3.302158364005284,9,9,3,0,0,0,0,0,46.1,194,32,20,17,3,26,0,1,3,0,52,"Carlos Rodon",16137,607074
"Luis Medina","ATH",1,1,3.7099241232596105,32,1,0,0,0,0,5,2,43.2,193,42,22,18,4,22,1,3,2,0,52,"Luis Medina",21649,665622
"Brad Lord","WSN",5,2,3.879310791330922,27,1,0,0,0,1,4,1,58,248,50,26,25,7,21,2,5,2,0,52,"Brad Lord",31972,695418
"Matthew Boyd","CHC",6,1,4.153846458570514,10,10,3,0,0,0,0,0,52,217,49,25,24,6,14,0,4,0,0,51,"Matthew Boyd",15440,571510
"Tanner Scott","LAD",1,3,2.4957984793397587,42,0,0,0,0,14,6,2,39.2,147,25,11,11,4,5,1,1,1,0,51,"Tanner Scott",17586,656945
"Michael Petersen","MIA",1,1,2.907692648983606,41,0,0,0,0,1,17,0,43.1,171,26,16,14,4,17,1,2,1,0,51,"Michael Petersen",20827,656848
"Kris Bubic","KCR",3,2,4.112582885352706,9,9,4,0,0,0,0,0,50.1,207,36,23,23,4,26,0,1,4,0,51,"Kris Bubic",21455,663460
"Tomoyuki Sugano","COL",9,4,4.764706015999345,17,17,5,0,0,0,0,0,90.2,382,94,50,48,18,23,0,2,1,0,51,"Tomoyuki Sugano",35321,608372
"Miles Mikolas","WSN",3,7,5.533569202952528,20,8,0,0,0,0,0,0,94.1,399,105,63,58,20,20,0,0,1,0,50,"Miles Mikolas",9803,571945
"Steven Okert","HOU",2,1,2.2191784617981583,48,1,0,0,0,0,12,0,48.2,184,28,13,12,5,12,0,2,1,0,50,"Steven Okert",13580,595345
"Max Fried","NYY",4,3,3.2108109432245593,10,10,6,0,0,0,0,0,61.2,240,43,22,22,1,19,0,2,0,0,50,"Max Fried",13743,608331
"Jhoan Duran","PHI",1,3,1.336633764333726,35,0,0,0,0,24,0,1,33.2,130,25,6,5,1,6,0,1,2,0,50,"Jhoan Duran",21029,661395
"Ryan Feltner","COL",3,4,5.482233714853421,14,14,5,0,0,0,0,0,65.2,285,65,43,40,14,28,0,1,2,0,50,"Ryan Feltner",21446,663372
"Luinder Avila","KCR",4,3,5.082353169266338,18,9,0,0,0,0,0,0,56.2,248,58,32,32,6,34,0,1,1,1,50,"Luinder Avila",24452,679883
"Nick Lodolo","CIN",3,2,4.595744867355057,12,12,3,0,0,0,0,0,62.2,279,65,32,32,9,27,0,9,0,1,50,"Nick Lodolo",26378,666157
"Troy Melton","DET",5,1,1.8,9,9,5,0,0,0,0,0,55,212,33,12,11,7,15,0,2,2,0,50,"Troy Melton",31807,675512
"Tyler Glasnow","LAD",3,0,2.7226892501888273,7,7,4,0,0,0,0,0,39.2,148,20,12,12,5,13,1,0,0,0,49,"Tyler Glasnow",14374,607192
"Jacob Webb","CHC",3,2,2.9763783103616444,43,0,0,0,0,5,7,4,42.1,181,40,17,14,6,16,0,0,0,0,49,"Jacob Webb",19274,657097
"Brayan Bello","BOS",2,6,6.061224784716041,13,8,1,0,0,0,0,0,65.1,296,80,48,44,11,24,0,1,2,0,49,"Brayan Bello",23920,678394
"Braydon Fisher","TOR",3,3,3.5379318256357264,46,6,0,0,0,1,8,0,48.1,195,34,23,19,6,22,2,2,2,0,49,"Braydon Fisher",24609,680755
"Jacob Lopez","ATH",4,4,6.636872003417884,15,12,0,0,0,0,0,0,59.2,281,67,45,44,11,36,0,2,0,0,49,"Jacob Lopez",25098,682052
"Tanner Gordon","COL",0,2,5.946428571428571,13,5,0,0,0,0,0,0,56,248,73,37,37,13,12,2,2,1,1,49,"Tanner Gordon",27669,685299
"Kodai Senga","NYM",0,7,8.852459777590154,12,7,1,0,0,0,0,0,40.2,194,45,41,40,12,30,0,2,0,0,49,"Kodai Senga",31838,673540
"Brent Suter","LAA",1,2,4.554217443080027,36,2,0,0,0,0,3,0,55.1,232,58,33,28,6,14,1,1,1,0,48,"Brent Suter",13942,608718
"Trevor Megill","MIL",2,2,2.8421052631578947,39,0,0,0,0,15,7,2,38,152,26,13,12,0,10,1,1,3,0,48,"Trevor Megill",17722,656730
"José Alvarado","PHI",3,3,6.617648543783871,40,0,0,0,0,1,9,1,34,165,44,26,25,3,14,2,6,4,0,48,"Jose Alvarado",17780,621237
"Tyler Wells","BAL",2,1,2.8928575369777048,37,0,0,0,0,3,10,0,46.2,185,37,18,15,5,11,0,1,1,0,48,"Tyler Wells",20000,669330
"Janson Junk","MIA",4,5,4.569230769230769,12,12,2,0,0,0,0,0,65,276,68,36,33,9,17,0,1,1,0,48,"Janson Junk",23301,676083
"Erik Sabrowski","CLE",3,1,3.5357154899718046,36,0,0,0,0,0,20,1,28,120,17,12,11,3,20,1,0,4,0,48,"Erik Sabrowski",24978,681870
"Alex Vesia","LAD",1,1,2.1386145075775773,44,0,0,0,0,3,16,1,33.2,141,17,8,8,0,22,3,0,0,1,48,"Alex Vesia",25007,681911
"Caleb Kilian","SFG",2,5,4.615385518271719,39,0,0,0,0,8,3,3,39,171,35,22,20,5,18,2,1,1,0,48,"Caleb Kilian",26213,668873
"Jared Jones","PIT",2,1,4.05,9,9,1,0,0,0,0,0,40,163,32,19,18,5,12,0,0,3,2,48,"Jared Jones",27863,683003
"Robert Gasser","MIL",2,4,4.909091030692832,10,10,2,0,0,0,0,0,51.1,219,48,29,28,11,14,0,5,0,0,48,"Robert Gasser",29812,688107
"Andrew Morris","MIN",4,2,3.255319677364216,36,2,0,0,0,3,11,2,47,197,44,20,17,2,14,1,2,5,1,48,"Andrew Morris",31891,702193
"Brandon Woodruff","MIL",2,2,2.977941259999591,9,9,3,0,0,0,0,0,45.1,174,28,16,15,5,10,1,1,0,0,47,"Brandon Woodruff",16162,605540
"Eric Lauer","- - -",4,5,4.8130436379156905,15,12,4,0,0,0,0,0,76.2,325,71,41,41,18,27,0,2,1,1,47,"Eric Lauer",19316,641778
"David Bednar","NYY",4,3,2.5920001582031347,38,0,0,0,0,18,0,2,41.2,171,32,15,12,2,13,1,2,0,0,47,"David Bednar",19569,670280
"Jacob Latz","TEX",2,1,1.5652175211050217,36,1,0,0,0,19,2,2,46,167,19,8,8,3,11,2,0,1,0,47,"Jacob Latz",21306,656641
"Jack Kochanowicz","LAA",2,5,6.187500368803762,13,13,5,0,0,0,0,0,64,296,65,47,44,7,36,1,5,6,0,47,"Jack Kochanowicz",27688,686799
"Mason Fluharty","TOR",4,1,4.384616885665414,51,3,0,0,0,1,10,0,39,171,40,19,19,5,16,1,1,0,0,47,"Mason Fluharty",31553,689254
"Noah Schultz","CHW",3,6,5.60377358490566,11,11,2,0,0,0,0,0,53,231,43,34,33,8,29,0,6,2,1,47,"Noah Schultz",32056,702273
"Chase Dollander","COL",3,3,3.8863638048329703,10,3,1,0,0,0,0,0,44,189,39,19,19,6,18,0,3,0,0,47,"Chase Dollander",33482,801403
"Huascar Brazobán","NYM",4,2,2.6433572603606117,41,6,0,0,0,0,7,2,47.2,191,29,15,14,3,22,1,1,1,0,46,"Huascar Brazoban",6107,623211
"Gregory Soto","PIT",5,2,3.983606806495967,41,0,0,0,0,12,7,5,40.2,167,27,20,18,5,18,0,2,6,0,46,"Gregory Soto",19677,642397
"Jovani Morán","BOS",2,2,2.6129035473366455,27,3,0,0,0,0,1,0,41.1,163,21,12,12,5,18,1,1,0,0,46,"Jovani Moran",20422,663558
"Juan Morillo","ARI",3,4,2.949580304695627,43,0,0,0,0,1,10,4,39.2,162,28,15,13,2,15,1,2,4,0,46,"Juan Morillo",21924,666661
"Spencer Strider","ATL",4,2,5.3076923076923075,8,8,2,0,0,0,0,0,39,165,33,24,23,9,20,0,1,2,0,46,"Spencer Strider",27498,675911
"Jack Dreyer","LAD",4,1,2.900827086449918,40,1,0,0,0,0,4,2,40.1,160,31,13,13,6,10,2,1,2,0,46,"Jack Dreyer",30249,676263
"Didier Fuentes","ATL",4,0,2.4957987193578384,33,1,0,0,0,1,9,2,39.2,164,33,11,11,1,12,0,2,0,0,46,"Didier Fuentes",30661,800311
"Clay Holmes","NYM",4,4,2.392405178813943,9,9,4,0,0,0,0,0,52.2,215,40,14,14,3,18,0,1,2,1,45,"Clay Holmes",13649,605280
"Cole Sulser","TBR",1,0,5.314961268502936,38,2,0,0,0,2,10,0,42.1,185,46,29,25,6,14,3,0,3,0,45,"Cole Sulser",15256,642121
"Devin Williams","NYM",3,2,4.683673834016281,36,0,0,0,0,14,0,3,32.2,152,35,22,17,3,19,1,0,1,0,45,"Devin Williams",15816,642207
"Cole Ragans","KCR",1,4,4.8396228156763765,8,8,3,0,0,0,0,0,35.1,151,27,20,19,10,23,0,0,0,0,45,"Cole Ragans",21846,666142
"Sam Bachman","LAA",1,2,3.946154309334894,37,0,0,0,0,1,15,2,43.1,182,34,19,19,6,20,0,2,2,0,45,"Sam Bachman",29754,696147
"Chase Silseth","LAA",3,1,2.9454553626196742,43,0,0,0,0,0,7,3,36.2,160,31,13,12,3,20,1,1,5,0,45,"Chase Silseth",30074,681217
"JR Ritchie","ATL",1,2,4.291390999509231,12,7,1,0,0,1,1,0,50.1,220,40,27,24,7,30,1,4,1,0,45,"JR Ritchie",31760,702275
"Sam Moll","CIN",1,6,4.42623061539212,46,0,0,0,0,1,3,4,40.2,181,33,25,20,5,22,2,5,0,0,44,"Sam Moll",14874,594580
"Tim Mayza","PHI",2,3,3.7099241232596105,38,3,0,0,0,0,1,0,43.2,179,40,20,18,4,10,1,1,2,1,44,"Tim Mayza",15042,641835
"Rico Garcia","BAL",4,1,2.720930715326835,46,0,0,0,0,4,12,2,43,165,24,15,13,6,14,2,0,0,0,44,"Rico Garcia",20023,670329
"Eduard Bazardo","SEA",3,2,2.284615853890961,46,0,0,0,0,0,19,2,43.1,178,40,13,11,3,13,1,1,0,0,44,"Eduard Bazardo",20997,660825
"Juan Mejia","COL",2,6,5.651164051872925,39,1,0,0,0,4,6,1,43,195,45,29,27,4,23,2,2,1,0,44,"Juan Mejia",23237,675848
"Brandon Pfaadt","ARI",4,1,4.576271630265023,17,7,1,0,0,0,2,0,59,254,59,33,30,8,18,0,4,2,1,44,"Brandon Pfaadt",27782,694297
"Will Klein","LAD",3,4,2.58260903832597,33,3,0,0,0,2,12,1,38.1,167,38,14,11,2,16,2,2,1,0,44,"Will Klein",27787,694361
"Lance McCullers Jr.","HOU",2,3,6.864407001573174,8,8,2,0,0,0,0,0,39.1,172,38,32,30,7,22,0,2,4,0,43,"Lance McCullers Jr.",14120,621121
"Luke Weaver","NYM",2,1,2.0250001931190673,38,0,0,0,0,1,13,2,40,154,22,10,9,3,11,1,1,0,0,43,"Luke Weaver",16918,596133
"Justin Lawrence","- - -",0,3,7.339807524219884,37,0,0,0,0,1,2,1,34.1,177,39,35,28,9,28,1,6,3,0,43,"Justin Lawrence",17639,664875
"JoJo Romero","STL",1,3,3.348838100567689,44,0,0,0,0,0,21,2,43,186,40,17,16,5,16,2,4,0,0,43,"JoJo Romero",19574,668941
"Evan Sisk","PIT",1,0,2.2293583443145897,32,0,0,0,0,0,5,2,36.1,152,30,9,9,2,13,0,6,1,0,43,"Evan Sisk",24995,681895
"Hunter Brown","HOU",1,1,4.05,8,8,3,0,0,0,0,0,40,177,30,20,18,5,28,0,4,1,0,43,"Hunter Brown",25880,686613
"Antonio Senzatela","COL",9,2,3.3061229637493157,30,0,0,0,0,3,2,4,49,202,44,20,18,3,16,2,1,0,0,42,"Antonio Senzatela",15488,622608
"Enyel De Los Santos","HOU",0,3,4.335767026994111,43,0,0,0,0,5,8,2,45.2,188,42,25,22,5,12,1,0,1,0,42,"Enyel De Los Santos",18403,660853
"Ryan Watson","BOS",1,0,4.529032480992101,32,0,0,0,0,1,1,0,51.2,222,48,26,26,8,19,0,3,1,0,42,"Ryan Watson",27853,670245
"Orion Kerkering","PHI",6,0,2.3684212903897426,40,0,0,0,0,1,9,1,38,161,23,11,10,3,20,0,3,0,0,42,"Orion Kerkering",31776,689147
"Steven Matz","TBR",4,4,6.283018980980261,15,10,3,0,0,0,1,0,53,230,55,38,37,11,19,0,1,3,0,41,"Steven Matz",13361,571927
"Pete Fairbanks","MIA",3,4,7.417583194940503,33,1,0,0,0,13,2,3,30.1,139,32,28,25,8,14,1,3,3,0,41,"Pete Fairbanks",17998,664126
"Matt Festa","CLE",2,2,4.310925475285756,41,0,0,0,0,1,7,1,39.2,175,42,20,19,6,12,0,3,1,0,41,"Matt Festa",19330,670036
"Anthony Bender","MIA",1,1,2.621359902891856,35,0,0,0,0,2,8,2,34.1,140,21,10,10,1,12,1,3,3,0,41,"Anthony Bender",19742,669622
"Bryan Baker","TBR",1,0,1.7339450148117002,38,0,0,0,0,25,2,3,36.1,140,19,7,7,2,11,0,1,0,1,41,"Bryan Baker",19804,641329
"Kevin Ginkel","ARI",3,2,2.700000514984229,43,0,0,0,0,0,9,0,40,158,32,13,12,4,12,1,0,2,1,41,"Kevin Ginkel",19876,656464
"Calvin Faucher","MIA",4,5,5.008065594594991,42,0,0,0,0,1,11,5,41.1,189,38,28,23,0,29,1,3,5,0,41,"Calvin Faucher",20116,676534
"Steven Cruz","KCR",2,2,4.636364574274931,31,2,0,0,0,0,1,1,33,139,27,18,17,9,16,2,1,1,0,41,"Steven Cruz",23165,674444
"Anthony Nunez","BAL",2,2,4.805085367116814,35,0,0,0,0,3,6,3,39.1,169,34,25,21,5,16,1,2,2,1,41,"Anthony Nunez",25796,689296
"Paul Sewald","ARI",2,5,4.584906320378476,39,0,0,0,0,23,0,1,35.1,141,25,19,18,8,9,0,1,1,0,40,"Paul Sewald",13892,623149
"Ryne Stanek","STL",2,2,4.821429720946995,42,0,0,0,0,1,16,3,37.1,167,35,22,20,6,22,1,1,2,0,40,"Ryne Stanek",15947,592773
"Bryan Abreu","HOU",2,3,5.625000670552334,35,0,0,0,0,5,5,0,32,145,26,22,20,7,26,0,3,4,0,40,"Bryan Abreu",16609,650556
"Brock Burke","CIN",3,4,2.8928577734500935,49,0,0,0,0,1,9,0,46.2,200,36,22,15,4,27,4,2,1,0,40,"Brock Burke",17968,656271
"Seranthony Domínguez","CHW",3,3,4.363636868059201,37,0,0,0,0,12,3,5,33,143,24,19,16,5,20,1,2,5,0,40,"Seranthony Dominguez",19249,622554
"Bryan Hudson","CHW",3,2,2.125984555294807,43,6,0,0,0,3,6,2,42.1,178,36,12,10,1,16,1,4,0,1,40,"Bryan Hudson",19924,663542
"Chris Paddack","- - -",0,7,6.789474024997211,14,9,1,0,0,0,0,0,57,267,76,44,43,9,19,0,2,4,0,40,"Chris Paddack",20099,663978
"Riley O'Brien","STL",3,3,3.3471075435388595,40,0,0,0,0,25,1,4,40.1,169,32,17,15,2,14,0,7,5,0,40,"Riley O'Brien",20348,676617
"Colin Holderman","CLE",4,2,1.7339453789113475,36,0,0,0,0,1,8,0,36.1,142,19,8,7,1,12,0,3,1,0,40,"Colin Holderman",22361,670059
"Erik Miller","SFG",2,0,3.176471372294372,33,0,0,0,0,2,10,1,28.1,124,21,10,10,2,20,1,1,2,0,40,"Erik Miller",26252,669062
"Justin Sterner","ATH",2,3,6.1171889584515,46,0,0,0,0,1,12,2,42.2,184,46,31,29,11,13,1,0,1,0,40,"Justin Sterner",27694,686993
"Matt Svanson","STL",2,2,6.418033790280981,37,1,0,0,0,0,1,2,40.2,188,46,32,29,5,19,0,2,4,1,40,"Matt Svanson",29629,694335
"Mitch Farris","LAA",0,1,3.7933885493440407,19,0,0,0,0,0,1,0,40.1,171,42,19,17,8,18,0,1,4,0,40,"Mitch Farris",33628,815083
"Yoendrys Gómez","- - -",1,0,3.425373621894156,40,0,0,0,0,12,6,0,44.2,192,35,19,17,6,21,2,3,2,2,39,"Yoendrys Gomez",22872,672782
"Abner Uribe","MIL",4,2,2.4344266101065792,41,0,0,0,0,6,14,2,40.2,159,27,11,11,3,15,2,0,2,0,39,"Abner Uribe",25327,682842
"Kyle Hurt","LAD",3,1,4.590000437736553,33,1,0,0,0,1,8,1,33.1,143,28,17,17,3,18,1,1,1,0,39,"Kyle Hurt",27514,669165
"Aroldis Chapman","BOS",1,3,2.0543478686778,32,0,0,0,0,21,0,2,30.2,129,23,8,7,1,14,0,1,1,0,38,"Aroldis Chapman",10233,547973
"Paul Blackburn","NYY",2,1,2.0769233816474593,34,2,0,0,0,1,1,1,52,203,39,13,12,4,17,0,1,0,0,38,"Paul Blackburn",14739,621112
"Mark Leiter Jr.","ATH",0,1,4.2772285305114845,36,0,0,0,0,4,5,2,33.2,144,33,16,16,2,11,1,4,2,0,38,"Mark Leiter Jr.",15551,643410
"Raisel Iglesias","ATL",0,2,2.3592233883468254,33,0,0,0,0,19,0,1,34.1,134,29,11,9,3,7,0,0,0,0,38,"Raisel Iglesias",17130,628452
"Tyler Alexander","TEX",1,1,2.7857147917456477,44,3,0,0,0,4,8,2,42,179,44,15,13,2,11,0,2,0,0,38,"Tyler Alexander",17735,641302
"Garrett Cleavinger","TBR",2,3,3.8571433826369397,32,0,0,0,0,2,15,3,28,120,25,13,12,4,13,1,1,1,0,38,"Garrett Cleavinger",17897,664076
"Garrett Whitlock","BOS",4,1,2.057142857142857,36,0,0,0,0,2,18,1,35,134,26,9,8,3,6,0,0,1,0,38,"Garrett Whitlock",20191,676477
"George Soriano","STL",3,2,3.401575518361148,43,0,0,0,0,2,14,3,42.1,173,30,17,16,5,16,1,1,0,0,38,"George Soriano",21863,666277
"Ron Marinaccio","SDP",1,0,4.787234819653259,33,0,0,0,0,0,1,0,47,203,50,25,25,9,18,0,3,3,1,38,"Ron Marinaccio",23488,676760
"Jonathan Bowlan","PHI",2,0,2.842105833777545,34,0,0,0,0,0,5,2,31.2,128,26,12,10,2,8,0,2,0,0,38,"Jonathan Bowlan",24607,680742
"Peyton Gray","TEX",4,0,3.669903456294007,28,0,0,0,0,0,6,1,34.1,151,31,18,14,3,12,3,2,1,0,38,"Peyton Gray",25310,682608
"Edgardo Henriquez","LAD",4,1,2.2500004291535243,38,0,0,0,0,1,6,1,40,157,22,16,10,1,17,0,3,2,1,38,"Edgardo Henriquez",26944,683618
"Bradgley Rodriguez","SDP",2,2,2.177419823736953,38,3,0,0,0,0,6,4,41.1,172,32,14,10,2,15,1,0,0,0,38,"Bradgley Rodriguez",29107,699134
"Logan Henderson","MIL",3,1,2.9700001132965133,7,7,1,0,0,0,0,0,33.1,128,24,11,11,3,7,0,1,1,0,38,"Logan Henderson",31475,701656
"Zach Agnos","COL",0,2,6.370787062980314,26,2,0,0,0,2,0,0,59.1,267,67,45,42,8,24,2,3,2,0,38,"Zach Agnos",31552,688642
"Jake Bennett","BOS",5,3,2.3478261982142383,9,9,5,0,0,0,0,0,53.2,203,38,14,14,3,9,1,2,1,0,38,"Jake Bennett",31959,687562
"Yuki Matsui","SDP",1,1,2.5714291319556386,26,0,0,0,0,0,4,0,35,146,23,11,10,5,21,2,2,3,0,38,"Yuki Matsui",33826,673513
"Brooks Raley","NYM",4,4,2.0186919486307784,40,0,0,0,0,0,13,1,35.2,150,27,11,8,2,14,1,3,1,0,37,"Brooks Raley",10061,548384
"Caleb Thielbar","CHC",2,2,4.395350104477269,33,0,0,0,0,2,7,3,28.2,123,24,15,14,8,13,2,0,1,0,37,"Caleb Thielbar",10078,573204
"Chris Bassitt","BAL",4,4,5.272189378863619,12,10,2,0,0,0,0,0,56.1,261,70,34,33,6,22,0,8,2,0,37,"Chris Bassitt",12304,605135
"Dennis Santana","PIT",2,5,6.196721698993726,43,0,0,0,0,2,5,2,40.2,183,41,30,28,8,21,2,2,1,1,37,"Dennis Santana",17878,642701
"Tommy Nance","- - -",2,2,3.820755988858525,34,0,0,0,0,0,2,2,35.1,150,32,16,15,5,14,1,0,3,0,37,"Tommy Nance",19178,667297
"Alex Lange","KCR",0,5,6.00000058687656,38,0,0,0,0,8,1,1,39,175,37,28,26,3,22,0,5,5,0,37,"Alex Lange",19883,656638
"Javier Assad","CHC",6,1,4.108695992900682,15,8,1,0,0,0,0,0,61.1,244,54,28,28,12,15,0,1,1,0,37,"Javier Assad",21741,665871
"Ryan Rolison","CHC",5,1,2.724771524276614,33,2,0,0,0,1,3,2,36.1,146,30,13,11,4,17,0,0,4,0,37,"Ryan Rolison",22200,669020
"Austin Warren","NYM",1,3,4.628571933045734,26,2,0,0,0,0,0,1,35,157,34,19,18,5,18,0,3,0,0,37,"Austin Warren",24937,681810
"Tyler Holton","DET",1,4,3.1153853924318704,41,2,0,0,0,0,9,1,43.1,183,47,19,15,5,10,0,3,2,0,37,"Tyler Holton",26231,663947
"Garrett Crochet","BOS",3,3,6.3,6,6,3,0,0,0,0,0,30,138,33,23,21,5,11,0,4,2,0,37,"Garrett Crochet",27463,676979
"Trevor Richards","- - -",0,0,3.648648930780225,25,0,0,0,0,0,1,1,37,151,29,15,15,8,11,0,0,2,0,36,"Trevor Richards",19309,670950
"Greg Weissert","BOS",2,2,3.661017777624759,41,0,0,0,0,0,5,2,39.1,165,36,17,16,6,12,1,1,0,0,36,"Greg Weissert",20375,669711
"Chase Shugart","PHI",2,0,4.645162147736484,27,0,0,0,0,0,0,1,31,131,28,16,16,7,11,1,3,0,0,36,"Chase Shugart",21544,663767
"Eric Orze","MIN",2,2,5.661291541716077,36,0,0,0,0,1,7,4,41.1,189,42,27,26,1,21,2,2,0,0,36,"Eric Orze",27626,679358
"Tyler Kinley","ATL",5,4,4.235295068021677,39,0,0,0,0,0,10,4,34,141,29,17,16,7,14,1,1,1,0,35,"Tyler Kinley",18297,641755
"Elvis Alvarado","ATH",3,3,5.785715468076052,26,0,0,0,0,2,4,1,28,115,23,18,18,7,11,0,1,0,0,35,"Elvis Alvarado",21662,665660
"Camilo Doval","NYY",3,1,4.864865867999487,41,0,0,0,0,1,4,3,37,165,37,27,20,6,15,1,2,2,0,35,"Camilo Doval",21992,666808
"Cole Winn","TEX",5,2,5.766991786362083,37,0,0,0,0,1,8,1,34.1,151,36,23,22,5,10,1,1,3,0,35,"Cole Winn",22113,668390
"José A. Ferrer","SEA",3,1,2.8536590676022167,46,0,0,0,0,3,10,2,41,181,44,14,13,3,12,1,4,4,0,35,"Jose A. Ferrer",24017,678606
"Bryan King","HOU",2,3,3.40000057644324,42,0,0,0,0,6,12,4,45,193,43,19,17,6,16,1,4,0,0,35,"Bryan King",25890,687911
"Cionel Pérez","- - -",3,3,5.594595315597549,32,2,0,0,0,0,5,0,37,163,41,24,23,7,16,0,0,4,1,34,"Cionel Perez",19614,672335
"Stephen Kolek","KCR",4,3,4.5,10,10,5,1,1,0,0,0,54,224,55,30,27,8,12,0,2,2,0,34,"Stephen Kolek",21487,663568
"Kevin Kelly","TBR",5,3,2.3309356995877573,42,0,0,0,0,4,19,2,46.1,175,34,14,12,4,8,1,3,1,0,34,"Kevin Kelly",25679,687330
"Mitchell Parker","WSN",3,3,6.579832354623,22,0,0,0,0,1,7,5,39.2,178,46,31,29,9,13,0,2,3,0,34,"Mitchell Parker",27636,680730
"Brandon Eisert","- - -",2,1,6.443182961584449,28,4,0,0,0,0,2,1,29.1,128,29,22,21,6,11,0,0,0,0,34,"Brandon Eisert",27668,685126
"Travis Adams","MIN",1,0,5.530120990258733,19,0,0,0,0,2,1,0,27.2,121,26,17,17,5,14,0,0,1,0,34,"Travis Adams",30180,701519
"Anthony Banda","MIN",2,0,4.456312330046841,39,0,0,0,0,2,10,2,34.1,156,31,19,17,3,15,1,8,4,0,33,"Anthony Banda",14706,607455
"JT Brubaker","SFG",0,0,2.872340658661916,30,0,0,0,0,1,3,0,47,187,33,17,15,4,20,0,0,3,0,33,"JT Brubaker",17578,664141
"Grant Anderson","MIL",3,3,3.5307702668322833,39,0,0,0,0,0,5,0,43.1,169,32,19,17,5,17,2,0,0,0,33,"Grant Anderson",20546,681982
"Yusei Kikuchi","LAA",0,3,5.806451612903226,7,7,1,0,0,0,0,0,31,142,35,20,20,3,14,0,1,3,1,33,"Yusei Kikuchi",20633,579328
"Daniel Lynch IV","KCR",3,2,2.231405240070594,40,0,0,0,0,1,10,2,40.1,161,26,13,10,2,12,0,2,1,0,33,"Daniel Lynch IV",21537,663738
"Tobias Myers","NYM",0,2,6.260870344021467,26,3,0,0,0,1,1,3,46,198,51,34,32,9,13,1,0,1,0,33,"Tobias Myers",22191,668964
"Clayton Beeter","WSN",3,2,3.7674424453579465,30,0,0,0,0,8,5,5,28.2,124,19,12,12,4,19,3,2,8,0,33,"Clayton Beeter",27494,690925
"Kyle Finnegan","DET",2,0,2.1093753143214156,41,0,0,0,0,1,11,5,42.2,178,38,10,10,4,25,0,0,0,0,32,"Kyle Finnegan",15009,640448
"Brad Keller","PHI",2,1,4.021277003722191,32,0,0,0,0,3,13,1,31.1,135,29,15,14,4,13,0,2,3,0,32,"Brad Keller",15734,641745
"Tanner Banks","PHI",0,4,7.137931973415503,28,1,0,0,0,0,2,1,29,146,45,27,23,7,13,1,0,0,0,32,"Tanner Banks",16990,621383
"Grant Wolfram","BAL",2,2,4.550563943250136,37,0,0,0,0,1,11,0,29.2,131,31,18,15,1,8,1,4,1,0,32,"Grant Wolfram",21623,664991
"DL Hall","MIL",0,0,2.032258439634712,24,1,0,0,0,0,3,1,31,126,14,7,7,1,24,0,1,3,0,32,"DL Hall",22207,669084
"Mason Englert","TBR",0,3,4.542056398627479,14,3,0,0,0,1,0,0,35.2,157,43,19,18,9,8,3,1,3,0,32,"Mason Englert",22288,669438
"Justin Bruihl","STL",0,0,3.58741335300117,43,0,0,0,0,0,5,1,47.2,214,46,24,19,2,19,0,8,1,0,32,"Justin Bruihl",23779,677865
"Justin Slaten","BOS",1,4,5.400001618522039,27,0,0,0,0,0,13,1,23.1,104,29,17,14,4,6,0,0,0,0,32,"Justin Slaten",25648,686580
"Graham Ashcraft","CIN",1,1,3.3333338042836798,26,0,0,0,0,1,10,2,27,109,17,11,10,2,16,1,0,2,0,32,"Graham Ashcraft",27552,668933
"José Fermin","LAA",2,1,3.000000572204699,27,0,0,0,0,0,4,1,30,127,21,10,10,3,16,1,2,3,0,32,"Jose Fermin",33908,820862
"Shawn Armstrong","CLE",2,1,4.402175099502984,35,0,0,0,0,0,7,0,30.2,132,25,16,15,4,16,1,2,1,0,31,"Shawn Armstrong",12857,542888
"Wandy Peralta","SDP",1,1,2.189189584173437,42,4,0,0,0,0,3,1,49.1,201,43,12,12,3,19,1,2,0,0,31,"Wandy Peralta",14295,593974
"Phil Maton","CHC",0,1,6.18072473800433,31,0,0,0,0,0,5,2,27.2,136,34,19,19,5,16,0,5,1,0,31,"Phil Maton",18064,664208
"Enmanuel De Jesus","DET",2,0,3.978947927628276,22,0,0,0,0,1,0,0,31.2,134,27,17,14,1,13,0,0,0,0,31,"Enmanuel De Jesus",18554,646241
"Cal Quantrill","TEX",3,2,3.9337750828834612,20,5,1,0,0,0,0,0,50.1,216,51,26,22,8,14,1,5,1,0,31,"Cal Quantrill",19312,615698
"Jake Bird","NYY",1,1,5.9340680484804595,36,0,0,0,0,0,7,3,30.1,139,36,20,20,4,11,0,5,0,0,31,"Jake Bird",21267,656234
"Simeon Woods Richardson","- - -",1,7,6.398844212828364,15,10,1,0,0,0,0,0,57.2,265,69,46,41,9,32,0,2,2,0,31,"Simeon Woods Richardson",24494,680573
"Paxton Schultz","WSN",1,2,5.86956606920828,25,1,0,0,0,1,0,1,30.2,143,39,23,20,5,11,1,1,1,0,31,"Paxton Schultz",25501,687606
"Dylan Dodd","ATL",2,0,2.223529661238015,24,0,0,0,0,1,5,0,28.1,108,15,7,7,3,9,1,0,1,0,31,"Dylan Dodd",29928,689266
"Taylor Rogers","MIN",4,3,5.558826024145699,41,0,0,0,0,2,8,1,34,155,41,21,21,3,14,1,2,0,0,30,"Taylor Rogers",13449,573124
"Germán Márquez","SDP",4,2,5.238806268424775,10,9,0,0,0,0,0,0,44.2,199,47,27,26,11,22,0,1,2,0,30,"German Marquez",15038,608566
"Brennan Bernardino","COL",3,3,2.9008273693818105,47,2,0,0,0,1,5,3,40.1,172,39,18,13,2,12,1,2,1,0,30,"Brennan Bernardino",16835,657514
"Jesse Scholtens","TBR",5,3,3.8230091076747326,9,2,0,0,0,0,0,1,37.2,164,37,18,16,8,11,1,3,0,1,30,"Jesse Scholtens",19205,669947
"Jordan Hicks","CHW",0,1,3.712500885129186,29,0,0,0,0,1,3,1,26.2,118,23,11,11,1,18,2,1,3,0,30,"Jordan Hicks",19618,663855
"John King","MIA",6,2,2.475000590086124,40,1,0,0,0,1,4,0,40,149,20,11,11,4,10,1,4,0,0,30,"John King",22051,667463
"Ryan Weiss","HOU",0,3,7.6153854533766365,9,2,0,0,0,0,0,0,26,131,35,24,22,8,20,0,0,0,0,30,"Ryan Weiss",24621,680802
"Gus Varland","WSN",1,2,6.252632834310599,32,0,0,0,0,6,6,2,31.2,148,41,23,22,6,15,1,0,2,0,30,"Gus Varland",24737,681402
"Hunter Gaddis","CLE",1,2,2.5578952503997905,37,0,0,0,0,1,18,2,31.2,138,32,9,9,3,10,0,1,0,0,30,"Hunter Gaddis",25636,683769
"Trey Gibson","BAL",1,3,7.363637214849901,8,7,0,0,0,0,0,0,33,161,38,27,27,7,25,0,1,2,0,30,"Trey Gibson",33794,694346
"Ryan Johnson","LAA",2,4,6.1043480285759975,10,7,1,0,0,0,0,0,38.1,169,39,31,26,10,16,0,1,1,0,30,"Ryan Johnson",35325,696270
"Craig Kimbrel","- - -",0,2,4.500000572204662,29,0,0,0,0,0,1,1,30,125,26,17,15,4,12,1,1,4,0,29,"Craig Kimbrel",6655,518886
"Scott Barlow","ATH",2,0,6.4800017303471416,36,0,0,0,0,2,10,1,33.1,152,26,26,24,7,19,2,7,1,0,29,"Scott Barlow",14993,605130
"Dean Kremer","BAL",1,2,4.153846153846154,5,5,2,0,0,0,0,0,26,103,22,14,12,9,7,0,0,0,0,29,"Dean Kremer",19350,665152
"Isaac Mattson","PIT",0,0,4.132653865552214,34,0,0,0,0,0,8,2,32.2,141,31,15,15,3,14,0,1,1,0,29,"Isaac Mattson",20385,676755
"Albert Suárez","BAL",2,0,3.540983827996415,16,0,0,0,0,1,0,0,40.2,167,36,21,16,7,13,0,0,1,0,28,"Albert Suarez",6175,544150
"Kirby Yates","LAA",0,5,3.7384619772646364,25,0,0,0,0,3,0,3,21.2,91,15,10,9,2,8,0,3,0,1,28,"Kirby Yates",9073,489446
"Jakob Junis","TEX",1,1,2.750000437100798,32,1,0,0,0,5,12,1,36,146,31,11,11,2,6,1,3,2,0,28,"Jakob Junis",13619,596001
"Josh Hader","HOU",3,1,1.1020409021214779,18,0,0,0,0,10,0,0,16.1,63,6,2,2,1,8,0,0,0,0,28,"Josh Hader",14212,623352
"Ryan Yarbrough","NYY",2,0,3.8571432899026794,25,1,0,0,0,2,0,0,39.2,169,31,18,17,3,16,1,3,0,1,28,"Ryan Yarbrough",16502,642232
"Kyle Hart","SDP",0,2,5.823530391838476,24,1,0,0,0,0,5,1,34,142,28,24,22,4,11,0,3,2,1,28,"Kyle Hart",19646,606996
"Tony Santillan","CIN",1,4,5.225807094673291,34,0,0,0,0,5,11,4,31,134,29,20,18,9,14,0,0,1,0,28,"Tony Santillan",19926,663574
"John Schreiber","KCR",0,3,3.3750008046628963,41,0,0,0,0,1,6,1,37.1,154,34,17,14,6,14,3,1,3,0,28,"John Schreiber",20020,670167
"Yennier Cano","BAL",1,2,2.2500006705524536,43,0,0,0,0,1,8,1,32,130,25,11,8,1,8,0,1,0,0,28,"Yennier Cano",25911,666974
"Casey Legumina","- - -",2,2,4.016529622067315,32,2,0,0,0,0,6,0,40.1,172,41,18,18,4,11,2,6,0,0,28,"Casey Legumina",25921,668984
"Connor Phillips","CIN",1,0,5.530121371507061,25,0,0,0,0,1,5,0,27.2,133,21,18,17,3,28,0,3,1,0,28,"Connor Phillips",27649,683175
"Jaden Hill","COL",0,2,5.062501931191227,32,0,0,0,0,2,11,3,26.2,127,27,15,15,2,17,2,3,2,0,28,"Jaden Hill",30250,677955
"Brandyn Garcia","ARI",0,1,1.824324794543703,30,0,0,0,0,1,11,0,24.2,91,12,5,5,0,6,1,3,1,0,28,"Brandyn Garcia",33568,805299
"Kenley Jansen","DET",1,4,4.378378829788912,28,0,0,0,0,11,1,4,24.2,103,16,13,12,5,14,0,0,0,1,27,"Kenley Jansen",3096,445276
"Jimmy Herget","COL",0,3,4.207792937403854,26,3,0,0,0,3,5,1,25.2,112,27,14,12,4,9,2,2,3,0,27,"Jimmy Herget",17556,623474
"Richard Lovelady","- - -",2,4,3.8571441102443678,33,5,0,0,0,4,9,3,30.1,146,34,15,13,4,21,4,3,0,0,27,"Richard Lovelady",19337,663992
"Lucas Erceg","KCR",4,3,5.400000716499755,40,0,0,0,0,12,3,6,38.1,176,42,27,23,5,23,0,4,2,0,27,"Lucas Erceg",19360,668674
"Jonathan Loáisiga","ARI",2,2,2.1315793753331587,41,0,0,0,0,1,8,3,38,149,30,10,9,1,9,2,1,0,0,27,"Jonathan Loaisiga",19753,642528
"Will Vest","DET",3,5,6.075001013875177,27,0,0,0,0,2,7,5,26.2,116,28,22,18,2,10,0,2,1,0,27,"Will Vest",19769,676684
"Grayson Rodriguez","LAA",3,3,8.228572325414639,8,8,0,0,0,0,0,0,35,168,45,34,32,5,17,1,4,0,0,27,"Grayson Rodriguez",24492,680570
"Tim Herrin","CLE",1,4,3.061856874232685,41,0,0,0,0,0,14,1,32.1,139,23,12,11,4,19,3,4,3,0,27,"Tim Herrin",25139,682120
"Matt Waldron","SDP",1,2,7.534884138710784,8,3,0,0,0,0,0,0,28.2,130,37,24,24,6,8,0,2,0,1,27,"Matt Waldron",25550,663362
"Andrew Nardi","MIA",3,3,5.161765719367757,25,0,0,0,0,0,8,0,22.2,99,21,13,13,4,11,0,1,1,0,27,"Andrew Nardi",25942,677053
"Pierce Johnson","CIN",2,1,4.081396525586036,32,0,0,0,0,1,5,0,28.2,121,24,13,13,6,12,0,0,2,0,26,"Pierce Johnson",13435,572955
"Matt Strahm","KCR",3,3,7.237114540511383,36,0,0,0,0,0,11,3,32.1,146,35,26,26,10,13,1,2,4,1,26,"Matt Strahm",13799,621381
"Tejay Antone","CIN",1,0,2.1724142217466857,29,0,0,0,0,1,3,2,29,117,19,9,7,3,7,1,2,0,0,26,"Tejay Antone",16233,622088
"Ryan Thompson","ARI",4,2,2.7757017262401336,40,0,0,0,0,0,6,1,35.2,153,35,14,11,2,10,2,3,1,2,26,"Ryan Thompson",16647,657044
"Alan Rangel","PHI",0,3,5.400000073569163,6,3,0,0,0,0,0,0,23.1,108,25,14,14,4,12,0,2,0,1,26,"Alan Rangel",19524,660604
"Hunter Greene","CIN",2,1,6.061224961668128,3,3,2,0,0,0,0,0,16.1,68,14,11,11,3,5,0,0,1,0,26,"Hunter Greene",22182,668881
"Keaton Winn","SFG",2,2,3.061856151754816,32,0,0,0,0,1,11,1,32.1,127,22,12,11,2,10,1,2,1,0,26,"Keaton Winn",23499,676775
"Gordon Graceffo","STL",6,1,3.1655180741719406,41,0,0,0,0,1,4,1,48.1,191,30,19,17,5,22,1,2,1,1,26,"Gordon Graceffo",29519,700669
"Robert Suarez","ATL",4,0,0.5625000335276147,31,0,0,0,0,4,12,1,32,121,21,2,2,1,6,0,0,1,0,26,"Robert Suarez",30115,663158
"David Morgan","SDP",2,0,4.500001170418783,18,0,0,0,0,0,1,0,22,105,26,12,11,2,13,1,3,2,0,26,"David Morgan",31616,688158
"Alex Hoppe","SEA",0,1,6.375000506639521,21,0,0,0,0,0,1,0,24,108,25,20,17,1,10,0,1,4,0,26,"Alex Hoppe",31880,695380
"Blake Treinen","LAD",4,1,3.5217400065894764,29,0,0,0,0,1,6,2,23,100,21,9,9,2,10,2,1,0,0,25,"Blake Treinen",12572,595014
"PJ Poulin","WSN",3,0,2.7000006086177466,35,11,0,0,0,3,7,2,36.2,153,27,12,11,4,21,1,1,1,0,25,"PJ Poulin",23394,676571
"Ryan Gusto","MIA",0,2,5.023256092473856,10,6,0,0,0,0,1,0,28.2,132,32,17,16,3,10,0,2,0,0,25,"Ryan Gusto",26440,687473
"Tyron Guerrero","BOS",1,1,2.2131155152952684,20,0,0,0,0,0,9,0,20.1,84,19,8,5,2,2,0,2,0,0,24,"Tyron Guerrero",11691,594027
"Andrew Kittredge","BAL",1,1,4.000000565140415,31,0,0,0,0,3,5,3,27,117,28,16,12,4,7,1,0,0,0,24,"Andrew Kittredge",12828,552640
"Nick Pivetta","SDP",1,2,4.5,4,4,0,0,0,0,0,0,16,66,12,8,8,0,6,0,0,0,0,24,"Nick Pivetta",15454,601713
"Cam Booser","TBR",0,0,1.4210529168887724,17,0,0,0,0,0,4,0,19,69,9,3,3,3,4,0,0,0,0,24,"Cam Booser",16061,592155
"Taylor Clarke","ARI",2,1,2.454545880152248,44,0,0,0,0,0,11,1,44,169,30,14,12,4,9,1,3,0,0,24,"Taylor Clarke",17611,664199
"Cade Gibson","MIA",2,0,4.909091760304496,20,0,0,0,0,0,2,0,25.2,115,25,15,14,1,10,1,5,0,1,24,"Cade Gibson",31815,806188
"Samy Natera Jr.","LAA",1,0,2.7551028987659993,14,0,0,0,0,1,3,0,16.1,66,8,5,5,1,8,0,1,2,0,24,"Samy Natera Jr.",31936,696519
"Tyler Rogers","TOR",1,2,1.6119405279501913,46,0,0,0,0,2,20,3,44.2,183,37,15,8,0,13,4,0,0,0,23,"Tyler Rogers",15541,643511
"Jake Woodford","- - -",1,0,7.460527251962267,17,0,0,0,0,1,0,0,25.1,123,39,21,21,4,7,0,0,0,0,23,"Jake Woodford",18674,663765
"Jeremiah Estrada","SDP",2,2,3.4838717179791243,21,0,0,0,0,1,6,2,20.2,82,13,10,8,2,10,0,0,1,0,23,"Jeremiah Estrada",22210,669093
"Victor Vodnik","COL",3,3,5.522728230342558,27,0,0,0,0,4,4,2,29.1,136,32,20,18,3,19,1,1,4,0,23,"Victor Vodnik",24614,680767
"Cooper Criswell","SEA",2,1,3.521739422486299,26,0,0,0,0,1,3,1,30.2,121,28,13,12,3,8,1,1,1,0,23,"Cooper Criswell",24975,681867
"Orlando Ribalta","WSN",0,1,3.9036150857696903,30,0,0,0,0,2,8,3,27.2,114,23,14,12,3,11,0,0,2,0,23,"Orlando Ribalta",26247,687377
"Mick Abel","MIN",1,2,3.9836066196567756,4,3,2,0,0,0,0,0,20.1,93,22,9,9,0,10,1,3,0,0,23,"Mick Abel",27756,690953
"Ty Madden","DET",0,0,3.150000450611179,7,1,0,0,0,0,0,0,20,82,16,7,7,2,5,0,1,1,0,23,"Ty Madden",30140,680744
"Hunter Dobbins","STL",1,1,4.029850975711366,5,3,0,0,0,1,0,0,22.1,95,21,10,10,3,10,0,0,0,0,23,"Hunter Dobbins",30240,690928
"Jason Adam","SDP",2,2,2.5051550332539403,36,0,0,0,0,2,17,0,32.1,134,30,9,9,5,8,0,2,0,0,22,"Jason Adam",11861,592094
"Matt Gage","SFG",4,1,5.59756318903142,34,0,0,0,0,1,5,1,27.1,126,28,18,17,6,17,0,1,0,0,22,"Matt Gage",17381,657424
"Sam Hentges","SFG",1,2,1.8305090663421975,25,0,0,0,0,0,4,1,19.2,88,14,5,4,0,16,1,2,1,0,22,"Sam Hentges",18548,656529
"Joel Kuhnel","- - -",1,3,4.839623730053031,35,0,0,0,0,6,5,1,35.1,157,40,21,19,6,12,1,4,1,0,22,"Joel Kuhnel",19995,669270
"Cody Bolton","HOU",0,1,5.400000257492078,8,3,0,0,0,1,0,0,20,95,21,12,12,3,14,0,1,0,0,22,"Cody Bolton",23265,675989
"Gavin Collyer","TEX",1,1,5.08695736544358,23,0,0,0,0,0,0,0,23,105,15,14,13,1,19,1,6,1,0,22,"Gavin Collyer",26349,686560
"Sam Aldegheri","LAA",3,4,5.079208160589622,9,6,0,0,0,0,0,0,33.2,151,31,21,19,5,17,0,1,1,0,22,"Sam Aldegheri",26443,691951
"Kendry Rojas","MIN",1,1,2.793103494201915,8,2,0,0,0,0,1,0,19.1,86,15,6,6,1,16,0,1,1,0,22,"Kendry Rojas",29423,696070
"Peyton Pallette","CLE",1,2,5.225806612377985,16,0,0,0,0,0,1,0,20.2,97,17,13,12,2,16,0,3,2,0,22,"Peyton Pallette",31865,688883
"Tyler Davis","CHW",2,3,4.101266614941293,24,0,0,0,0,1,0,0,26.1,106,17,14,12,2,15,2,0,0,0,22,"Tyler Davis",34847,699823
"Gabe Speier","SEA",1,2,2.0506333074706466,32,0,0,0,0,1,13,1,26.1,110,20,8,6,3,10,1,3,0,0,21,"Gabe Speier",17170,642100
"Jalen Beeks","TEX",2,1,3.8076934250152075,29,0,0,0,0,0,6,0,26,113,28,11,11,6,8,1,0,0,0,21,"Jalen Beeks",17192,656222
"Ryan Helsley","BAL",0,4,4.108695992900682,17,0,0,0,0,8,0,1,15.1,68,13,9,7,3,9,1,0,3,0,21,"Ryan Helsley",18138,664854
"Adam Macko","TOR",2,0,5.033899932441043,19,1,0,0,0,0,3,0,19.2,89,21,11,11,2,9,2,3,1,0,21,"Adam Macko",25590,671936
"Chris Murphy","CHW",2,0,4.569231908900077,21,2,0,0,0,1,1,0,21.2,98,21,12,11,2,12,0,2,2,0,21,"Chris Murphy",26214,669684
"Beck Way","KCR",1,0,3.2238810559003825,18,0,0,0,0,0,1,0,22.1,98,24,11,8,4,10,0,0,3,0,21,"Beck Way",27877,694360
"Mason Barnett","ATH",1,0,4.6406252766028215,13,0,0,0,0,2,0,0,21.1,90,17,11,11,5,12,1,0,0,0,21,"Mason Barnett",31741,686930
"Jose Quintana","COL",2,3,5.268293173096184,9,9,1,0,0,0,0,0,41,181,45,27,24,6,17,0,1,1,1,20,"Jose Quintana",11423,500779
"Burch Smith","DET",0,2,3.176471128389589,13,1,0,0,0,0,0,0,17,73,18,8,6,2,7,0,0,0,0,20,"Burch Smith",12784,572143
"Connor Seabold","- - -",1,0,5.250000834465159,21,0,0,0,0,0,1,1,24,115,30,15,14,2,11,0,3,1,0,20,"Connor Seabold",19695,657756
"Ryan Fernandez","STL",1,2,2.70000045061119,11,0,0,0,0,0,1,0,13.1,59,11,9,4,1,7,0,0,3,0,20,"Ryan Fernandez",24862,681676
"Brandan Bidois","PIT",0,0,6.3191503466069205,15,0,0,0,0,0,0,0,15.2,80,19,16,11,5,12,0,1,3,0,20,"Brandan Bidois",28052,684049
"David Sandlin","CHW",2,1,6.051724237437482,4,3,2,0,0,0,0,0,19.1,80,15,13,13,4,10,0,0,1,0,20,"David Sandlin",31743,689818
"Caleb Ferguson","CIN",1,0,3.2033908660988457,20,0,0,0,0,1,2,0,19.2,85,20,7,7,2,8,1,0,0,0,19,"Caleb Ferguson",19349,657571
"Shane Bieber","TOR",1,1,5.7042259650674705,5,5,1,0,0,0,0,0,23.2,108,29,15,15,7,12,0,0,1,0,19,"Shane Bieber",19427,669456
"Ryan Walker","SFG",0,1,7.518988794059037,27,0,0,0,0,3,3,3,26.1,125,33,23,22,4,15,3,1,4,0,19,"Ryan Walker",20423,676254
"Brandon Williamson","CIN",2,3,6.107143273158978,6,6,1,0,0,0,0,0,28,128,26,19,19,4,20,0,3,1,0,19,"Brandon Williamson",25463,682227
"Daniel Palencia","CHC",2,1,2.7000004119873675,19,0,0,0,0,3,0,0,16.2,71,17,5,5,2,6,1,0,0,0,19,"Daniel Palencia",27914,694037
"Wilber Dotel","PIT",1,2,5.8909094994915705,9,0,0,0,0,0,1,0,18.1,79,16,12,12,2,9,0,0,0,0,19,"Wilber Dotel",28901,696062
"Mike Paredes","MIN",0,2,4.595744867355057,8,5,0,0,0,0,0,0,31.1,138,30,17,16,6,12,0,2,0,0,19,"Mike Paredes",30187,702474
"Hoby Milner","CHC",1,0,3.532711287941988,38,0,0,0,0,1,6,1,35.2,149,34,14,14,4,9,1,3,0,0,18,"Hoby Milner",13346,571948
"Emilio Pagán","CIN",2,1,6.230769687855771,19,0,0,0,0,7,0,3,17.1,78,17,12,12,4,8,1,2,2,0,18,"Emilio Pagan",14771,641941
"Lucas Giolito","SDP",2,3,5.157303481312087,7,5,0,0,0,0,0,0,29.2,138,32,19,17,4,23,0,1,3,0,18,"Lucas Giolito",15474,608337
"Jordan Romano","- - -",0,2,7.105264584443862,16,0,0,0,0,6,1,2,12.2,64,15,10,10,1,10,0,1,1,0,18,"Jordan Romano",16122,605447
"Tim Hill","NYY",3,2,4.339286748852295,44,0,0,0,0,0,8,3,37.1,154,33,20,18,7,9,2,4,0,0,18,"Tim Hill",16814,657612
"Seth Johnson","PHI",1,0,6.1363647003806205,13,0,0,0,0,0,0,0,14.2,70,11,12,10,1,13,0,1,0,0,18,"Seth Johnson",26020,686751
"Cody Laweryson","MIN",1,0,4.860000741577261,15,0,0,0,0,1,2,0,16.2,78,15,12,9,3,8,0,2,0,0,18,"Cody Laweryson",26429,689520
"Cole Wilcox","SEA",0,0,4.000000847710683,15,0,0,0,0,0,0,0,18,85,18,8,8,1,13,1,2,1,0,18,"Cole Wilcox",27481,677961
"Jordan Leasure","CHW",2,1,6.267858317008044,18,1,0,0,0,0,3,3,18.2,78,15,14,13,6,8,1,0,1,1,18,"Jordan Leasure",29950,673929
"Will Dion","CLE",0,0,5.6511629160318355,8,0,0,0,0,0,0,0,14.1,66,20,13,9,3,3,0,1,0,0,18,"Will Dion",30061,702021
"Brant Hurter","DET",4,1,2.8421060477599727,21,0,0,0,0,0,1,0,25.1,101,15,9,8,1,12,1,1,0,0,18,"Brant Hurter",30133,676428
"Drew Pomeranz","- - -",2,3,5.586207631368654,31,0,0,0,0,0,8,3,29,135,32,19,18,7,16,4,2,0,0,17,"Drew Pomeranz",11426,519141
"Taijuan Walker","PHI",1,4,9.13235319733208,5,4,0,0,0,0,0,0,22.2,115,36,25,23,8,11,0,1,0,0,17,"Taijuan Walker",11836,592836
"A.J. Minter","NYM",1,1,1.8000003433228193,20,0,0,0,0,0,1,0,20,78,18,6,4,3,1,0,0,0,0,17,"A.J. Minter",18655,621345
"Keegan Akin","BAL",0,1,5.68421166755509,24,2,0,0,0,0,0,1,25.1,114,29,18,16,3,9,0,0,0,0,17,"Keegan Akin",19362,669211
"JP Sears","SDP",2,2,5.033898956027138,4,4,0,0,0,0,0,0,19.2,86,20,12,11,4,8,0,0,0,0,17,"JP Sears",23429,676664
"Ethan Roberts","CHC",0,2,4.207793250094637,23,0,0,0,0,0,0,1,25.2,110,22,14,12,3,14,0,3,0,0,17,"Ethan Roberts",24930,681799
"Kody Funderburk","MIN",1,1,3.9078958156699626,27,0,0,0,0,1,6,0,25.1,112,18,11,11,2,18,0,2,0,0,17,"Kody Funderburk",24993,681892
"Blas Castaño","COL",1,0,3.9193553210049688,10,0,0,0,0,0,0,0,20.2,85,22,9,9,4,6,0,2,0,0,17,"Blas Castano",26117,680604
"Tyler Samaniego","BOS",0,3,2.6557383692352716,20,1,0,0,0,0,1,0,20.1,90,22,8,6,1,8,0,2,0,0,17,"Tyler Samaniego",30081,701719
"Riley Cornelio","WSN",0,1,6.750000292604632,7,0,0,0,0,0,0,1,14.2,72,16,12,11,1,13,0,0,1,0,17,"Riley Cornelio",31953,683000
"Seth Halvorsen","COL",0,1,4.736843056295908,21,0,0,0,0,0,2,1,19,96,22,10,10,3,15,1,0,2,0,17,"Seth Halvorsen",33294,678020
"Joe Mantiply","TOR",1,0,2.0377363623908615,17,0,0,0,0,0,0,0,17.2,71,16,4,4,1,4,0,1,0,0,16,"Joe Mantiply",14857,573009
"Nate Pearson","HOU",1,0,3.6000003433227867,16,0,0,0,0,1,0,0,20,84,16,10,8,1,12,0,1,2,0,16,"Nate Pearson",20160,663878
"Eli Morgan","KCR",0,1,5.120689991963484,16,0,0,0,0,1,0,0,19.1,91,24,11,11,5,9,0,2,0,0,16,"Eli Morgan",20203,669212
"Joe Boyle","TBR",0,1,5.170212975774439,3,3,1,0,0,0,0,0,15.2,66,11,11,9,1,6,0,0,1,0,16,"Joe Boyle",29608,671212
"Sean Sullivan","COL",0,3,8.865672146565004,5,5,0,0,0,0,0,0,22.1,114,34,22,22,5,11,0,3,0,1,16,"Sean Sullivan",33502,807743
"Ryan Borucki","SFG",1,1,4.943662901479165,21,0,0,0,0,0,1,1,23.2,104,27,14,13,3,9,1,2,1,0,15,"Ryan Borucki",16350,621366
"Jonathan Hernández","LAD",0,0,8.150944569561734,12,0,0,0,0,0,0,0,17.2,83,19,16,16,4,12,1,0,0,0,15,"Jonathan Hernandez",17464,642546
"Cam Sanders","- - -",1,0,7.363638278867101,11,0,0,0,0,1,0,0,11,53,9,9,9,1,10,0,1,1,0,15,"Cam Sanders",23479,676742
"Nick Mears","KCR",2,3,5.120690497150174,21,0,0,0,0,0,5,2,19.1,83,18,11,11,2,11,1,0,1,0,15,"Nick Mears",25376,683232
"Matt Brash","SEA",3,0,0.5400000823974735,20,0,0,0,0,0,6,2,16.2,64,8,2,1,0,6,1,3,1,0,15,"Matt Brash",25756,666374
"Cole Henry","WSN",0,2,7.902439943457806,11,0,0,0,0,0,0,2,13.2,70,17,14,12,4,7,0,3,1,0,15,"Cole Henry",27570,669371
"Kyle Backhus","PHI",1,0,5.8695671644018965,17,1,0,0,0,0,1,0,15.1,72,22,11,10,3,2,0,2,0,0,15,"Kyle Backhus",29615,679775
"Mason Black","KCR",0,0,3.5660382491832587,12,0,0,0,0,0,0,0,17.2,82,19,7,7,3,11,0,2,0,0,15,"Mason Black",30171,696131
"Drew Sommers","DET",0,0,5.400003604891323,17,0,0,0,0,0,4,0,10,48,11,6,6,1,6,1,1,1,0,15,"Drew Sommers",32026,805427
"Craig Yoho","MIL",1,0,4.200000267028826,11,0,0,0,0,0,1,0,15,59,6,7,7,3,6,0,2,1,0,15,"Craig Yoho",33248,684974
"Zac Thornton","NYM",0,1,2.5961540366065714,3,3,2,0,0,0,0,0,17.1,67,11,5,5,1,5,0,0,0,0,15,"Zac Thornton",33891,804267
"Max Scherzer","TOR",1,4,10.227272727272727,6,6,2,0,0,0,0,0,22,102,27,25,25,9,11,0,1,0,0,14,"Max Scherzer",3137,453286
"Cristian Javier","HOU",0,1,9.367347668032561,7,4,0,0,0,0,0,0,16.1,83,21,17,17,3,15,0,2,0,0,14,"Cristian Javier",17606,664299
"Michael Rucker","SEA",0,2,5.268292928011496,13,0,0,0,0,0,1,0,13.2,61,14,10,8,2,6,0,1,0,0,14,"Michael Rucker",19454,621074
"Tyler Ferguson","- - -",0,1,6.750001609325793,11,0,0,0,0,0,3,1,10.2,45,10,8,8,4,0,0,3,0,0,14,"Tyler Ferguson",19481,621053
"Jason Alexander","HOU",1,1,9.327272889003284,4,2,1,0,0,0,0,0,18.1,84,21,19,19,4,8,0,1,0,0,14,"Jason Alexander",19666,669920
"Zack Kelly","BOS",0,2,3.3061234785191993,17,0,0,0,0,0,3,0,16.1,71,14,8,6,1,7,0,1,1,0,14,"Zack Kelly",20349,677161
"Tyler Zuber","MIA",0,0,3.4615392233494737,15,0,0,0,0,1,2,0,13,58,15,6,5,2,3,0,2,0,0,14,"Tyler Zuber",20379,676604
"Connor Brogdon","CLE",2,2,5.282609790845496,15,0,0,0,0,1,4,1,15.1,67,14,12,9,5,3,0,0,2,0,14,"Connor Brogdon",21205,641401
"Luis Mey","CIN",0,0,7.269231302498399,7,0,0,0,0,0,1,0,8.2,46,7,7,7,2,10,0,3,3,0,14,"Luis Mey",25620,682825
"Hunter Bigge","TBR",1,1,6.982759768841146,18,0,0,0,0,0,5,1,19.1,85,14,17,15,1,14,1,0,0,0,14,"Hunter Bigge",26259,685801
"Jayden Murray","- - -",0,0,9.367347121089763,10,0,0,0,0,0,0,0,16.1,79,25,17,17,3,9,0,0,0,0,14,"Jayden Murray",26482,681151
"Gabriel Hughes","COL",0,1,3.1395349533510197,3,2,1,0,0,1,0,0,14.1,56,11,5,5,0,5,0,0,1,0,14,"Gabriel Hughes",31614,687312
"William Kempner","MIA",1,0,2.9189192198592746,9,0,0,0,0,0,0,0,12.1,50,8,4,4,1,4,0,2,0,0,14,"William Kempner",31615,687531
"Dietrich Enns","BAL",3,0,3.9375007040799925,13,0,0,0,0,0,0,0,16,70,13,8,7,0,11,0,0,1,0,13,"Dietrich Enns",13932,608650
"Aaron Bummer","ATL",1,1,7.630436839138506,19,0,0,0,0,0,4,0,15.1,77,18,15,13,6,10,0,1,0,0,13,"Aaron Bummer",16258,607481
"Trent Thornton","CHC",3,2,2.40000030517582,26,0,0,0,0,3,1,0,30,114,20,9,8,4,10,1,1,1,0,13,"Trent Thornton",17948,663423
"Julian Garcia","CIN",0,2,2.769231378679579,8,0,0,0,0,0,0,0,13,49,5,4,4,2,7,0,0,1,0,13,"Julian Garcia",22362,670062
"Drey Jameson","ARI",0,0,4.673077265891828,11,0,0,0,0,0,0,0,17.1,76,16,9,9,1,9,0,1,1,0,13,"Drey Jameson",26260,686753
"Jose Franco","CIN",0,0,5.40000020599366,9,0,0,0,0,0,1,0,16.2,79,18,11,10,3,14,0,0,0,0,13,"Jose Franco",27014,683742
"Dylan Smith","SFG",0,2,3.375000563263987,15,0,0,0,0,1,3,1,13.1,59,10,6,5,2,6,0,2,1,0,13,"Dylan Smith",30145,681916
"Chris Roycroft","- - -",0,0,8.804348556215746,12,0,0,0,0,0,0,0,15.1,80,23,15,15,5,11,1,1,0,0,13,"Chris Roycroft",31261,688297
"Justin Topa","MIN",0,1,8.052634812459369,23,0,0,0,0,2,4,0,19,92,27,18,17,4,11,0,1,1,0,12,"Justin Topa",15145,623437
"Brock Stewart","LAD",0,0,2.314285840404284,11,0,0,0,0,0,3,0,11.2,45,5,4,3,2,5,0,0,0,0,12,"Brock Stewart",16727,592779
"Shaun Anderson","LAA",1,0,5.9400002265930265,9,0,0,0,0,0,0,0,16.2,73,17,13,11,3,8,0,1,1,0,12,"Shaun Anderson",19453,641312
"Bryse Wilson","- - -",0,0,4.609756312010059,5,0,0,0,0,0,0,0,13.2,58,15,7,7,2,2,0,2,0,0,12,"Bryse Wilson",19990,669060
"Andrew Hoffmann","ARI",1,0,7.714286765273879,8,0,0,0,0,0,0,0,11.2,59,16,12,10,3,8,0,1,0,0,12,"Andrew Hoffmann",29633,694851
"Joe Rock","CHW",0,1,3.4838710749186568,4,0,0,0,0,0,0,0,10.1,53,11,5,4,0,11,0,2,1,0,12,"Joe Rock",30016,697812
"Cade Povich","BAL",1,1,5.120689991963484,4,3,1,0,0,0,0,0,19.1,82,19,11,11,4,7,0,1,0,0,12,"Cade Povich",30055,700249
"Jose Cabrera","ARI",0,2,5.6037737865726465,4,4,0,0,0,0,0,0,17.2,81,20,11,11,3,7,0,2,0,1,12,"Jose Cabrera",30412,703615
"Carson Palmquist","WSN",0,1,6.517241807953526,6,3,0,0,0,0,0,0,9.2,43,12,7,7,1,2,0,2,0,0,12,"Carson Palmquist",31612,687223
"Jonathan Pintaro","NYM",0,0,5.108108634753731,5,0,0,0,0,0,0,0,12.1,48,6,7,7,3,3,0,2,0,0,12,"Jonathan Pintaro",33980,702752
"Carl Edwards Jr.","NYM",0,0,1.500000238418617,2,0,0,0,0,0,0,0,6,25,3,1,1,1,4,0,0,0,0,11,"Carl Edwards Jr.",13607,605218
"Keegan Thompson","COL",0,0,8.250001311302393,5,0,0,0,0,0,0,0,12,57,19,11,11,1,2,0,0,3,0,11,"Keegan Thompson",19795,624522
"Cole Sands","MIN",1,1,4.62857243752015,12,0,0,0,0,1,3,0,11.2,50,12,6,6,2,4,0,0,1,0,11,"Cole Sands",21461,663485
"Osvaldo Bido","- - -",2,0,6.267857676562043,11,0,0,0,0,1,0,0,18.2,81,15,13,13,3,10,0,4,4,0,11,"Osvaldo Bido",23150,674370
"Drew Rom","MIL",1,0,3.176471479211549,5,0,0,0,0,0,0,0,5.2,27,6,2,2,1,4,0,0,3,1,11,"Drew Rom",24602,680723
"Gavin Hollowell","CHC",0,0,2.612904029632085,9,0,0,0,0,0,1,0,10.1,45,6,3,3,2,8,0,1,1,0,11,"Gavin Hollowell",25427,668970
"Zak Kent","- - -",0,0,6.279070324482614,10,0,0,0,0,0,0,0,14.1,69,18,13,10,3,7,0,0,0,0,11,"Zak Kent",25703,687849
"Angel Chivilli","NYY",0,0,1.0000002119276707,7,0,0,0,0,0,0,0,9,36,4,2,1,1,3,0,1,0,0,11,"Angel Chivilli",26790,683409
"Robby Ahlstrom","TEX",3,0,6.456523077700051,19,0,0,0,0,0,4,0,15.1,70,18,12,11,2,7,1,0,2,0,11,"Robby Ahlstrom",30167,695239
"Chase Petty","CIN",1,2,4.378378999067887,11,2,0,0,0,1,0,1,24.2,103,20,13,12,4,7,0,2,1,0,11,"Chase Petty",30170,695534
"Colton Gordon","HOU",0,0,11.571430147910819,4,1,0,0,0,0,0,0,9.1,50,21,12,12,6,3,1,1,1,0,11,"Colton Gordon",31312,676467
"Shane Smith","CHW",0,2,10.80000164794947,3,3,0,0,0,0,0,0,8.1,49,12,12,10,1,9,0,1,0,0,11,"Shane Smith",31687,681343
"Danny Coulombe","BOS",0,2,4.5000015605585135,29,0,0,0,0,0,7,1,22,96,18,11,11,1,15,0,1,0,0,10,"Danny Coulombe",13293,543056
"Lucas Sims","CHW",0,2,4.5000008583070485,9,0,0,0,0,0,2,0,10,46,9,7,5,1,7,0,1,0,0,10,"Lucas Sims",13470,608371
"Edwin Díaz","LAD",1,0,10.5,7,0,0,0,0,4,0,1,6,33,9,7,7,1,5,1,1,1,0,10,"Edwin Diaz",14710,621242
"Patrick Sandoval","BOS",0,0,4.821428735645456,2,2,0,0,0,0,0,0,9.1,42,14,6,5,1,2,0,0,1,0,10,"Patrick Sandoval",19447,663776
"Logan Allen","CLE",0,0,2.454545560947139,2,1,0,0,0,0,0,0,7.1,38,11,5,2,0,4,0,0,0,0,10,"Logan Allen",27589,671106
"Coleman Crow","MIL",0,1,5.303571609210001,5,4,0,0,0,0,0,0,18.2,85,21,13,11,2,6,1,1,0,0,10,"Coleman Crow",27926,689441
"Riley Martin","CHC",0,0,2.160000082397464,8,1,0,0,0,0,0,0,8.1,31,5,2,2,1,2,0,0,0,0,10,"Riley Martin",29934,702303
"Blade Tidwell","SFG",0,0,3,8,0,0,0,0,1,1,0,12,47,10,4,4,1,3,0,1,0,0,10,"Blade Tidwell",31701,694918
"Elmer Rodríguez","NYY",0,2,4.764705882352941,4,4,0,0,0,0,0,0,17,83,19,9,9,1,11,0,3,2,0,10,"Elmer Rodriguez",31811,695684
"Chris Martin","TEX",1,1,9.00000122615286,16,0,0,0,0,0,1,2,14,66,25,15,14,4,2,0,1,1,1,9,"Chris Martin",11847,455119
"Joel Payamps","ATL",0,2,8.217393007981883,12,0,0,0,0,0,2,1,7.2,36,9,9,7,2,4,0,0,0,0,9,"Joel Payamps",14332,606303
"Jose Cuas","KCR",0,0,2.8421054058127857,5,0,0,0,0,0,0,0,6.1,29,8,2,2,0,2,1,0,1,0,9,"Jose Cuas",17701,621016
"Jacob Waguespack","DET",0,0,1.3846156893397894,10,0,0,0,0,0,0,0,13,52,7,2,2,2,4,0,1,0,0,9,"Jacob Waguespack",18318,621097
"Kolby Allard","CLE",0,0,10.384616146426286,4,0,0,0,0,0,0,0,8.2,45,16,10,10,2,3,1,1,0,0,9,"Kolby Allard",18694,663465
"Luis Gil","NYY",1,2,6.051724535956845,4,4,1,0,0,0,0,0,19.1,85,15,13,13,6,11,0,3,2,0,9,"Luis Gil",21052,661563
"Daniel Espino","CLE",0,0,5.400001029968458,5,0,0,0,0,0,0,0,5,23,5,3,3,1,3,0,0,0,0,9,"Daniel Espino",25625,682982
"Garrett Acton","MIN",1,1,2.70000025749209,4,0,0,0,0,0,0,1,6.2,28,4,5,2,0,3,1,1,0,0,9,"Garrett Acton",27583,670183
"Nick Davila","SEA",0,0,3.540983827996415,18,0,0,0,0,1,1,0,20.1,85,14,9,8,1,10,0,2,0,1,9,"Nick Davila",27741,689546
"Alimber Santa","HOU",0,1,1.1739131408287662,10,0,0,0,0,0,0,0,15.1,59,8,6,2,1,6,0,0,0,1,9,"Alimber Santa",28846,695001
"Eduardo Rivera","BOS",0,0,2.8928575369777048,3,2,0,0,0,0,0,0,9.1,36,5,3,3,1,4,0,0,0,0,9,"Eduardo Rivera",31280,700842
"Zach Maxwell","CIN",0,1,9.900000944137663,10,0,0,0,0,1,1,0,10,54,14,11,11,3,10,0,0,2,0,9,"Zach Maxwell",31610,687209
"Cameron Foster","BAL",0,0,9.000000953674418,6,0,0,0,0,0,0,0,9,49,17,10,9,1,8,0,0,2,0,9,"Cameron Foster",31942,671382
"Hurston Waldrep","ATL",0,1,8.43750050291422,3,2,0,0,0,0,0,0,10.2,56,13,10,10,3,10,0,2,0,0,9,"Hurston Waldrep",33527,694462
"James Karinchak","ATL",0,0,1.8620690879867217,9,0,0,0,0,0,1,0,9.2,37,4,2,2,1,5,0,0,2,0,8,"James Karinchak",20151,675916
"Angel Zerpa","MIL",0,2,6.394738125999476,12,0,0,0,0,2,2,3,12.2,55,16,11,9,2,6,0,0,1,0,8,"Angel Zerpa",22717,672582
"Valente Bellozo","COL",0,1,7.593750452622798,3,0,0,0,0,0,0,0,10.2,48,10,10,9,5,7,2,1,0,0,8,"Valente Bellozo",23899,678368
"Joey Gerber","NYM",0,0,4.320000659179788,7,0,0,0,0,0,0,0,8.1,34,6,4,4,1,4,0,0,0,0,8,"Joey Gerber",24591,680702
"Beau Brieske","DET",0,0,6.750001609325793,8,0,0,0,0,0,0,0,9.1,39,9,7,7,3,4,0,0,0,0,8,"Beau Brieske",26079,689225
"Ken Waldichuk","WSN",0,0,6.750000919614645,5,0,0,0,0,0,0,1,9.1,41,8,7,7,4,6,0,1,0,0,8,"Ken Waldichuk",27681,686610
"Jordan Wicks","CHC",0,2,10.45161322475597,4,2,0,0,0,2,0,0,10.1,50,18,12,12,1,2,0,1,0,0,8,"Jordan Wicks",30094,696136
"Carlos Rodriguez","MIL",0,0,3.8571429885163644,4,0,0,0,0,0,0,0,9.1,42,10,4,4,1,4,0,0,0,0,8,"Carlos Rodriguez",30161,692230
"Franco Aleman","CLE",0,0,1.8000001716613934,9,0,0,0,0,0,3,0,10,38,7,2,2,1,4,0,0,0,0,8,"Franco Aleman",30195,680916
"Paul Gervase","LAD",0,0,2.3478262816575324,4,0,0,0,0,0,0,0,7.2,34,7,2,2,0,5,0,0,0,0,8,"Paul Gervase",31571,801434
"Max Rajcic","STL",0,0,5.000001059638354,6,0,0,0,0,0,0,0,9,39,6,5,5,1,6,0,0,1,0,8,"Max Rajcic",31873,691008
"Hunter Barco","PIT",0,1,7.714286765273879,5,0,0,0,0,0,1,1,11.2,60,14,12,10,3,9,0,2,0,0,8,"Hunter Barco",33174,682995
"Carlos Carrasco","ATL",0,0,5.940000906372209,8,0,0,0,0,0,0,2,16.2,73,21,11,11,3,3,0,2,0,0,7,"Carlos Carrasco",6632,471911
"Joe Ross","- - -",0,1,9.257144118328656,8,0,0,0,0,0,1,0,11.2,57,16,13,12,3,6,0,0,1,0,7,"Joe Ross",12972,605452
"Lou Trivino III","- - -",0,0,15.00000238418617,5,0,0,0,0,0,0,0,6,36,10,10,10,1,7,0,1,1,0,7,"Lou Trivino III",15043,642152
"Matt Krook","- - -",0,1,11.368426758829798,8,0,0,0,0,0,1,2,6.1,35,8,9,8,2,6,0,2,0,0,7,"Matt Krook",19315,640454
"Yerry De los Santos","NYY",0,0,1.0384616146426284,5,0,0,0,0,0,0,0,8.2,38,8,5,1,1,4,0,0,0,0,7,"Yerry De los Santos",21420,660787
"Josh Walker","BAL",0,0,4.500000715255851,5,0,0,0,0,0,0,0,6,25,5,3,3,1,2,0,0,0,0,7,"Josh Walker",23617,677020
"Randy Dobnak","KCR",0,0,1.9285715599449402,3,1,0,0,0,0,0,0,14,62,13,3,3,2,8,0,0,0,0,7,"Randy Dobnak",23798,677976
"Brady Basso","ATH",0,0,7.3636385980723205,6,0,0,0,0,0,1,1,7.1,37,13,6,6,1,2,0,0,0,0,7,"Brady Basso",25582,669620
"Jared Koenig","MIL",0,0,9.000002452306052,9,0,0,0,0,0,1,0,7,41,12,9,7,1,7,3,1,1,0,7,"Jared Koenig",27517,657649
"Kyle Nicolas","CIN",1,0,8.590910580532869,7,0,0,0,0,0,0,0,7.1,42,8,7,7,1,13,0,0,2,0,7,"Kyle Nicolas",27775,693312
"Eric Cerantola","KCR",0,0,10.125000603497064,4,0,0,0,0,0,0,0,5.1,27,4,6,6,2,10,0,0,1,0,7,"Eric Cerantola",30128,672021
"Trevor Martin","TBR",0,0,3.9705883466661214,6,0,0,0,0,0,0,0,11.1,54,14,8,5,4,4,0,2,2,0,7,"Trevor Martin",31878,694680
"Tyler Schweitzer","CHW",1,0,2.7692309723803428,7,0,0,0,0,1,1,0,13,53,12,4,4,0,4,0,0,0,0,7,"Tyler Schweitzer",31920,805326
"Jonah Tong","NYM",1,1,3.6000003433227867,3,0,0,0,0,0,0,0,10,47,8,6,4,1,7,0,0,0,0,7,"Jonah Tong",32157,804636
"Luis Morales","ATH",0,2,14.464286206936366,3,2,0,0,0,0,0,0,9.1,55,17,15,15,5,12,0,1,1,0,7,"Luis Morales",32227,806960
"Luis García","- - -",0,1,9.000000572204627,15,0,0,0,0,2,1,1,15,74,23,16,15,2,6,0,1,0,0,6,"Luis Garcia",6984,472610
"Michael Kelly","ATH",0,0,16.200003089905376,5,0,0,0,0,0,0,1,5,32,12,9,9,1,6,0,0,0,0,6,"Michael Kelly",12791,547184
"José Urquidy","PIT",0,1,8.526316217438357,5,0,0,0,0,1,0,0,6.1,36,15,10,6,1,2,0,0,0,0,6,"Jose Urquidy",18413,664353
"Bailey Falter","KCR",0,2,13.965518159900412,5,2,0,0,0,0,0,0,9.2,57,24,15,15,4,6,0,0,1,0,6,"Bailey Falter",20070,663559
"Zach Pop","PHI",0,0,3.681818341420709,7,1,0,0,0,0,0,0,7.1,31,5,3,3,0,3,0,1,0,0,6,"Zach Pop",20185,647315
"Nick Sandlin","LAA",0,1,11.42307901805713,8,0,0,0,0,0,0,0,8.2,40,9,11,11,2,5,0,3,0,0,6,"Nick Sandlin",20517,680704
"Brenan Hanifee","DET",0,0,3.446809070150346,16,2,0,0,0,0,2,0,15.2,68,18,6,6,2,4,0,1,0,0,6,"Brenan Hanifee",22304,669724
"Codi Heuer","CLE",0,1,4.655173638488148,8,0,0,0,0,0,1,0,9.2,46,12,5,5,0,5,0,1,2,0,6,"Codi Heuer",23293,676051
"Robert Garcia","TEX",0,1,3.3750008046628963,9,0,0,0,0,0,2,1,8,34,5,5,3,0,7,0,0,0,0,6,"Robert Garcia",23363,676395
"TJ Shook","COL",0,0,9.529412833877208,4,0,0,0,0,0,0,0,5.2,27,10,6,6,3,1,0,0,0,0,6,"TJ Shook",27567,669298
"Christian Roa","HOU",0,1,5.1923092159298285,7,0,0,0,0,0,0,0,8.2,43,10,5,5,1,7,0,3,0,0,6,"Christian Roa",27662,685005
"Mitch Spence","KCR",0,2,21.214286436840005,3,1,0,0,0,0,0,0,9.1,56,19,22,22,3,9,0,0,0,0,6,"Mitch Spence",27707,687765
"Dax Fulton","MIA",0,0,2.5714285714285716,3,0,0,0,0,0,0,0,7,26,3,2,2,0,3,0,0,0,0,6,"Dax Fulton",27757,690978
"Alek Jacob","SDP",1,0,5.4,3,0,0,0,0,0,0,0,5,23,5,3,3,1,2,0,1,0,0,6,"Alek Jacob",29628,689690
"Jack Anderson","BOS",0,0,3.375,3,0,0,0,0,0,0,0,8,32,8,3,3,1,2,0,0,0,0,6,"Jack Anderson",30086,681252
"Carter Baumler","TEX",0,0,3.176470944625736,4,0,0,0,0,0,0,0,5.2,27,4,2,2,1,6,0,1,0,0,6,"Carter Baumler",30231,691945
"Victor Mederos","ATL",0,0,1.2857142857142858,4,0,0,0,0,0,0,0,7,25,4,1,1,0,1,0,0,0,0,6,"Victor Mederos",31533,682989
"Carson Whisenhunt","SFG",2,0,3.375000201165688,2,2,0,0,0,0,0,0,10.2,46,9,4,4,1,6,0,0,1,0,6,"Carson Whisenhunt",31676,687931
"Owen Murphy","ATL",0,1,4.050000386238135,3,1,0,0,0,0,0,0,6.2,29,6,5,3,1,2,0,1,0,0,6,"Owen Murphy",31761,702566
"Matt Pushard","STL",0,0,5.14285784351592,6,0,0,0,0,0,0,0,7,32,6,5,4,0,4,0,1,2,0,6,"Matt Pushard",31870,690155
"Luis Gastelum","STL",1,1,7.200001373291277,5,0,0,0,0,0,0,1,5,23,7,5,4,3,1,0,0,0,0,6,"Luis Gastelum",33027,703725
"Kade Morris","ATH",0,1,11.7,3,1,0,0,0,0,0,0,10,53,19,13,13,4,6,0,0,0,0,6,"Kade Morris",33787,695034
"Yariel Rodríguez","TOR",0,1,7.714287553515192,10,0,0,0,0,0,1,1,9.1,45,12,11,8,2,7,0,1,1,0,6,"Yariel Rodriguez",33838,684320
"Tommy Kahnle","BOS",0,0,8,8,0,0,0,0,0,0,0,9,43,12,8,8,2,6,0,0,0,0,5,"Tommy Kahnle",11384,592454
"Tristan Beck","SFG",0,0,6.750000402331376,8,0,0,0,0,1,0,0,10.2,47,13,8,8,1,2,0,0,1,0,5,"Tristan Beck",21584,663941
"Joel Peguero","SFG",0,0,2.382353609408662,11,0,0,0,0,0,1,0,11.1,48,10,5,3,0,4,0,2,1,0,5,"Joel Peguero",21951,666711
"Max Lazar","PHI",0,0,5.625000670552334,6,0,0,0,0,0,0,0,8,35,8,5,5,3,3,0,0,0,0,5,"Max Lazar",23426,676661
"Domingo Gonzalez","SEA",0,0,4.695652563315065,5,0,0,0,0,0,0,0,7.2,36,9,4,4,1,5,0,0,0,0,5,"Domingo Gonzalez",25241,682445
"Alec Gamboa","BOS",0,0,2.2500002682209335,5,0,0,0,0,1,0,0,8,32,5,2,2,1,4,0,0,0,0,5,"Alec Gamboa",26227,687941
"Alek Manoah","LAA",0,0,9.818182243788556,3,0,0,0,0,0,0,0,7.1,39,8,9,8,1,8,0,0,0,0,5,"Alek Manoah",26410,666201
"Brian Fitzpatrick","MIL",0,0,1.350000128746045,5,0,0,0,0,0,0,0,6.2,30,7,2,1,0,3,0,0,0,1,5,"Brian Fitzpatrick",31624,702153
"Logan VanWey","HOU",1,0,1.5,5,0,0,0,0,0,0,0,6,22,5,2,1,0,0,0,0,0,0,5,"Logan VanWey",31884,701121
"Josh Ekness","MIA",0,0,1.687500100582844,6,0,0,0,0,1,0,1,5.1,22,2,1,1,0,5,0,0,1,0,5,"Josh Ekness",33785,694795
"Philip Abner","ARI",0,0,6.750000919614645,5,0,0,0,0,0,0,0,9.1,41,8,7,7,2,6,0,0,0,0,5,"Philip Abner",33821,691769
"Danny Young","ATL",0,1,3.600001416206917,6,1,0,0,0,0,2,0,5,22,4,2,2,1,4,0,1,0,0,4,"Danny Young",18439,664849
"Geoff Hartlieb","ATH",1,1,4.21875025145711,5,0,0,0,0,0,0,0,10.2,46,12,5,5,1,4,0,0,2,0,4,"Geoff Hartlieb",19558,664129
"Charlie Barnes","- - -",0,1,7.5,4,0,0,0,0,0,0,0,12,59,17,11,10,3,6,0,1,0,0,4,"Charlie Barnes",19865,656212
"Corbin Martin","CHC",0,0,10.8,7,0,0,0,0,1,0,0,5,25,5,6,6,2,5,0,0,1,0,4,"Corbin Martin",19884,656686
"J.P. France","HOU",0,0,8.10000077247627,3,0,0,0,0,0,0,0,6.2,31,6,6,6,1,5,0,1,1,0,4,"J.P. France",21212,641585
"Ricky Vanasco","DET",0,1,15.631582085776497,5,0,0,0,0,0,1,1,6.1,40,14,12,11,2,6,0,0,1,0,4,"Ricky Vanasco",23391,676568
"Luis Curvelo","TEX",0,0,7.560000288391124,8,0,0,0,0,0,1,0,8.1,41,13,8,7,3,3,1,0,1,0,4,"Luis Curvelo",24710,681168
"Jhony Brito","SDP",0,0,3.3750008046628963,3,0,0,0,0,0,1,0,5.1,20,4,2,2,1,1,0,0,0,0,4,"Jhony Brito",25386,666745
"Ben Peoples","TEX",0,0,3.375000201165688,5,0,0,0,0,0,0,0,5.1,21,5,2,2,2,0,0,0,0,0,4,"Ben Peoples",26406,687239
"Jared Shuster","STL",0,0,9.000000953674418,5,0,0,0,0,0,0,0,9,44,11,10,9,1,6,1,0,1,0,4,"Jared Shuster",27472,694363
"Marco Raya","MIN",0,0,3,3,0,0,0,0,0,0,0,6,25,5,2,2,1,3,0,0,0,0,4,"Marco Raya",30166,694397
"Cade Horton","CHC",1,0,2.454545560947139,2,2,1,0,0,0,0,0,7.1,26,4,2,2,1,2,0,0,0,0,4,"Cade Horton",31872,690990
"Brendan Beck","NYY",0,1,9.450000901222316,2,1,0,0,0,0,0,0,6.2,31,7,7,7,4,5,0,0,0,0,4,"Brendan Beck",33043,694341
"Khristian Curtis","PIT",0,0,0,1,0,0,0,0,0,0,0,5,17,2,0,0,0,2,0,0,0,0,4,"Khristian Curtis",33865,694753
"Austin Voth","- - -",0,1,9.900000944137663,3,0,0,0,0,0,0,0,10,56,19,12,11,3,6,0,0,3,0,3,"Austin Voth",15047,608723
"Brandon Leibrandt","CIN",0,0,7.5,1,0,0,0,0,0,0,0,6,30,10,5,5,2,3,1,0,0,0,3,"Brandon Leibrandt",16135,605335
"Daniel Duarte","NYM",0,0,0,3,0,0,0,0,0,0,0,5,15,1,0,0,0,1,0,0,1,0,3,"Daniel Duarte",17480,650960
"Lazaro Estrada","TOR",0,0,2.454545560947139,3,0,0,0,0,0,0,0,7.1,26,1,2,2,1,4,0,0,0,0,3,"Lazaro Estrada",24914,681751
"Andre Granillo","WSN",0,0,9.64285944189399,8,0,0,0,0,0,0,0,9.1,50,13,12,10,2,8,0,1,0,0,3,"Andre Granillo",29542,701552
"Mitch Bratt","ARI",0,0,6,2,2,0,0,0,0,0,0,6,28,5,4,4,1,5,0,0,0,0,3,"Mitch Bratt",30003,683352
"Bruce Zimmermann","STL",0,0,5.4,1,0,0,0,0,0,0,0,5,21,6,3,3,0,1,0,0,0,0,2,"Bruce Zimmermann",20370,669145
"Anthony Molina","ATL",0,0,5.4,3,0,0,0,0,0,0,0,5,21,6,4,3,1,1,0,0,0,0,2,"Anthony Molina",26952,683627
"Robby Snelling","MIA",0,1,5.4,1,1,0,0,0,0,0,0,5,22,5,3,3,1,4,0,0,0,0,2,"Robby Snelling",31893,702281
"Jose Trevino","CIN",0,0,14.4,4,0,0,0,0,0,0,0,5,29,14,8,8,0,1,0,1,0,0,1,"Jose Trevino",16725,624431
"Brett Sullivan","COL",0,0,4.500000715255851,5,0,0,0,0,0,0,0,6,27,9,3,3,1,2,0,0,0,0,1,"Brett Sullivan",18217,664954
"Carlos Cortes","ATH",0,0,11.117648306190077,5,0,0,0,0,0,0,0,5.2,32,11,8,7,3,5,0,0,1,0,1,"Carlos Cortes",21842,666126
"Gregory Santos","SFG",0,0,3.6000006866456387,3,0,0,0,0,0,0,0,5,22,5,5,2,0,3,0,0,0,1,1,"Gregory Santos",21894,666619
"Ben Williamson","TBR",0,0,3.6,5,0,0,0,0,0,0,0,5,21,5,2,2,1,1,0,0,0,0,0,"Ben Williamson",33197,810938
