Name,Team,G,AB,PA,H,1B,2B,3B,HR,R,RBI,BB,IBB,SO,HBP,SF,SH,GDP,SB,CS,AVG,NameASCII,PlayerId,MLBAMID
"Rob Brantly","MIA",2,5,5,3,3,0,0,0,0,1,0,0,0,0,0,0,0,0,0,0.6,"Rob Brantly",10655,542963
"Stone Garrett","WSN",2,5,6,3,1,1,0,1,2,3,1,0,0,0,0,0,0,0,0,0.6,"Stone Garrett",19273,656448
"Diego Castillo","MIN",2,4,5,2,1,1,0,0,2,2,1,0,1,0,0,0,0,0,0,0.5,"Diego Castillo",19906,660636
"Eduardo Valencia","DET",4,10,11,5,3,0,0,2,3,3,0,0,3,1,0,0,0,0,0,0.5,"Eduardo Valencia",24574,680664
"Cal Stevenson","PHI",8,15,15,6,4,2,0,0,1,5,0,0,1,0,0,0,1,0,0,0.4,"Cal Stevenson",22411,670276
"Cade Marlowe","SEA",4,5,6,2,2,0,0,0,1,0,1,0,0,0,0,0,1,0,0,0.4,"Cade Marlowe",25505,687799
"Rafael Flores Jr.","PIT",6,15,18,6,2,3,0,1,2,2,3,0,3,0,0,0,0,0,0,0.4,"Rafael Flores Jr.",31991,804668
"Joshua Kuroda-Grauer","ATH",9,34,36,13,9,4,0,0,7,3,1,0,3,1,0,0,1,0,0,0.382352941,"Joshua Kuroda-Grauer",35121,811965
"Cole Carrigg","COL",16,51,61,19,11,3,3,2,14,13,6,0,11,1,2,1,0,0,2,0.372549019,"Cole Carrigg",33253,694249
"Ryan Waldschmidt","ARI",18,60,64,22,15,6,1,0,11,6,3,0,24,0,0,0,0,4,0,0.366666666,"Ryan Waldschmidt",35061,814439
"Wade Meckler","LAA",18,50,58,18,12,5,0,1,9,9,8,0,15,0,0,0,0,0,0,0.36,"Wade Meckler",31490,685133
"David Dahl","PHI",9,23,26,8,4,1,0,3,6,6,3,0,5,0,0,0,0,0,0,0.347826086,"David Dahl",13744,621311
"Warming Bernabel","COL",19,68,73,23,16,4,1,2,11,9,5,0,14,0,0,0,2,1,0,0.338235294,"Warming Bernabel",26536,682653
"Aledmys Díaz","OAK",2,6,6,2,2,0,0,0,1,0,0,0,2,0,0,0,0,0,0,0.333333333,"Aledmys Diaz",15937,649557
"P.J. Higgins","CIN",4,12,15,4,3,1,0,0,1,1,1,0,5,0,0,2,0,0,0,0.333333333,"P.J. Higgins",18433,664731
"Zach Remillard","CHW",8,18,20,6,5,1,0,0,2,0,2,0,4,0,0,0,1,0,0,0.333333333,"Zach Remillard",19788,621545
"Bligh Madris","DET",12,39,44,13,11,1,0,1,6,5,4,0,9,0,1,0,0,0,0,0.333333333,"Bligh Madris",20054,676632
"Cam Cauley","TEX",6,12,13,4,4,0,0,0,2,0,1,0,1,0,0,0,0,0,0,0.333333333,"Cam Cauley",29710,695508
"Jose Iglesias","- - -",82,251,276,82,61,16,0,5,37,36,17,0,41,5,0,3,5,4,0,0.326693227,"Jose Iglesias",10231,578428
"Esmerlyn Valdez","PIT",15,49,55,16,5,3,0,8,14,18,6,0,20,0,0,0,1,0,0,0.326530612,"Esmerlyn Valdez",29005,699013
"Jake Mangum","- - -",95,313,339,102,82,16,1,3,42,34,19,1,49,4,2,1,4,29,8,0.325878594,"Jake Mangum",26202,663968
"Bobby Witt Jr.","KCR",207,798,886,260,144,70,12,34,145,117,72,9,132,7,9,0,8,49,16,0.325814536,"Bobby Witt Jr.",25764,677951
"Pedro Ramírez","CHC",17,37,42,12,8,3,1,0,4,7,4,0,1,0,1,0,3,0,0,0.324324324,"Pedro Ramirez",29218,699393
"Jesus Rodriguez","SFG",9,28,30,9,7,1,0,1,2,5,1,0,3,1,0,0,2,0,1,0.321428571,"Jesus Rodriguez",26991,683679
"Jonathan Aranda","TBR",123,405,467,129,86,26,0,17,66,79,51,3,96,7,4,0,10,0,1,0.318518518,"Jonathan Aranda",21837,666018
"Yandy Díaz","TBR",204,770,857,244,166,41,0,37,115,119,73,3,113,10,4,0,15,2,1,0.316883116,"Yandy Diaz",16578,650490
"Matthew Lugo","LAA",8,19,19,6,3,0,1,2,3,4,0,0,6,0,0,0,0,0,0,0.315789473,"Matthew Lugo",25980,683090
"Aaron Judge","NYY",179,621,779,196,92,35,2,67,158,151,144,32,191,10,3,0,22,14,1,0.315619967,"Aaron Judge",15640,592450
"Jacob Wilson","OAK",103,390,423,123,90,21,1,11,54,59,26,1,34,7,0,0,10,3,1,0.315384615,"Jacob Wilson",33266,805779
"Yordan Alvarez","HOU",152,543,636,171,108,32,0,31,85,87,78,14,94,9,6,0,10,4,0,0.314917127,"Yordan Alvarez",19556,670541
"Jeremy Peña","HOU",163,615,676,193,134,38,3,18,100,76,39,2,122,14,6,2,17,26,7,0.313821138,"Jeremy Pena",21636,665161
"Chadwick Tromp","- - -",18,51,53,16,10,5,0,1,6,8,1,0,16,0,1,0,0,0,0,0.31372549,"Chadwick Tromp",16953,644433
"Raynel Delgado","HOU",7,16,17,5,4,1,0,0,2,2,1,0,2,0,0,0,0,0,0,0.3125,"Raynel Delgado",22272,669384
"Nick Ahmed","- - -",30,87,94,27,22,2,1,2,12,7,6,0,15,0,0,1,2,2,1,0.310344827,"Nick Ahmed",12147,605113
"Troy Johnston","- - -",66,207,233,64,44,17,0,3,23,25,22,0,46,1,3,0,2,4,4,0.309178743,"Troy Johnston",26143,687859
"Trey Mancini","LAA",5,13,14,4,3,0,1,0,1,4,0,0,3,0,1,0,1,0,0,0.307692307,"Trey Mancini",15149,641820
"Junior Caminero","TBR",144,537,605,165,94,30,0,41,90,101,60,9,116,4,4,0,25,8,1,0.307262569,"Junior Caminero",28163,691406
"Trea Turner","PHI",175,710,771,218,153,39,3,23,138,81,53,1,134,7,1,0,12,35,4,0.307042253,"Trea Turner",16252,607208
"TJ Rumfield","COL",49,177,201,54,36,9,1,8,23,34,19,0,28,4,1,0,1,0,0,0.305084745,"TJ Rumfield",29805,681198
"Brendan Rodgers","- - -",81,290,322,88,63,16,0,9,45,38,25,0,69,4,2,1,8,1,0,0.303448275,"Brendan Rodgers",17907,663898
"A.J. Ewing","NYM",31,109,124,33,20,6,1,6,20,17,14,0,28,0,0,1,1,5,3,0.302752293,"A.J. Ewing",33656,805999
"Alex Call","- - -",88,242,283,73,55,14,1,3,37,34,28,0,46,5,4,4,4,7,2,0.301652892,"Alex Call",19296,669743
"Luis Arraez","- - -",196,783,846,236,189,32,7,8,94,69,35,4,33,8,5,15,19,15,3,0.301404853,"Luis Arraez",18568,650333
"Shohei Ohtani","LAD",206,774,912,233,126,31,6,70,175,137,119,19,210,10,5,0,10,49,5,0.301033591,"Shohei Ohtani",19755,660271
"Griffin Conine","MIA",43,123,132,37,20,11,0,6,24,15,9,0,37,0,0,0,1,2,1,0.300813008,"Griffin Conine",21626,665052
"Brewer Hicklen","- - -",4,10,12,3,1,2,0,0,2,1,2,0,4,0,0,0,0,1,0,0.3,"Brewer Hicklen",20450,676551
"Spencer Jones","NYY",13,30,34,9,4,4,0,1,4,3,4,0,12,0,0,0,0,1,0,0.3,"Spencer Jones",31532,682987
"Brenton Doyle","COL",160,564,616,169,108,34,5,22,90,87,40,1,150,2,9,1,16,29,7,0.29964539,"Brenton Doyle",25479,686668
"Andy Pages","LAD",181,646,711,193,116,42,1,34,99,110,45,1,133,12,7,0,11,11,7,0.298761609,"Andy Pages",24816,681624
"Konnor Griffin","PIT",32,124,136,37,25,7,2,3,20,16,9,0,30,2,1,0,3,7,1,0.298387096,"Konnor Griffin",35376,804606
"Henry Bolte","ATH",31,104,117,31,27,2,0,2,9,10,7,0,28,4,2,0,3,7,3,0.298076923,"Henry Bolte",31448,703607
"Nate Eaton","BOS",24,47,51,14,12,1,0,1,7,3,2,0,10,2,0,0,0,5,1,0.29787234,"Nate Eaton",25055,681987
"Charlie Blackmon","COL",59,216,243,64,37,15,4,8,35,34,23,0,47,3,1,0,2,1,0,0.296296296,"Charlie Blackmon",7859,453568
"Sam Antonacci","CHW",38,135,157,40,33,4,1,2,24,14,13,0,25,6,1,2,1,10,2,0.296296296,"Sam Antonacci",35101,803011
"Bryce Harper","PHI",187,682,802,202,110,46,2,44,120,117,109,6,153,4,6,1,15,10,3,0.296187683,"Bryce Harper",11579,547180
"Samad Taylor","- - -",13,44,53,13,12,1,0,0,5,8,8,0,18,0,0,1,0,4,1,0.295454545,"Samad Taylor",22274,669392
"Miguel Andujar","- - -",121,435,454,128,94,19,2,13,40,51,16,3,64,2,1,0,17,1,1,0.294252873,"Miguel Andujar",15878,609280
"Tyler Tolbert","KCR",44,51,57,15,12,2,0,1,15,4,2,0,9,1,2,1,3,18,5,0.294117647,"Tyler Tolbert",25779,686475
"Drake Baldwin","ATL",99,362,400,106,70,15,1,20,58,78,31,1,68,6,1,0,9,1,0,0.292817679,"Drake Baldwin",31539,686948
"Juan Yepez","WSN",33,123,135,36,24,6,0,6,16,17,10,0,23,0,1,1,7,1,0,0.292682926,"Juan Yepez",18400,660766
"Nick Kurtz","ATH",106,376,456,110,55,19,0,36,78,93,74,7,134,3,2,0,5,2,2,0.292553191,"Nick Kurtz",35110,701762
"Xavier Edwards","MIA",157,600,672,175,144,19,6,6,85,50,60,6,104,2,7,3,8,31,5,0.291666666,"Xavier Edwards",22266,669364
"Blaine Crim","- - -",8,24,31,7,4,0,0,3,6,6,4,0,9,1,2,0,0,0,0,0.291666666,"Blaine Crim",25714,688760
"Kyle Teel","CHW",50,155,182,45,36,5,0,4,23,27,24,0,46,2,0,1,2,1,1,0.29032258,"Kyle Teel",33549,691019
"Bryan Reynolds","PIT",207,765,890,222,134,54,5,29,131,118,106,4,196,14,5,0,12,6,2,0.290196078,"Bryan Reynolds",19326,668804
"Vladimir Guerrero Jr.","TOR",206,760,890,220,151,41,1,27,116,117,113,18,119,8,9,0,24,8,4,0.289473684,"Vladimir Guerrero Jr.",19611,665489
"Cody Bellinger","- - -",189,700,790,202,126,36,6,34,110,120,76,1,109,1,13,0,8,13,4,0.288571428,"Cody Bellinger",15998,641355
"José Ramírez","CLE",194,728,819,210,121,47,2,40,139,118,77,20,90,4,8,0,7,56,6,0.288461538,"Jose Ramirez",13510,608070
"Jake McCarthy","- - -",138,472,512,136,88,24,11,13,71,81,23,1,87,11,3,3,7,20,3,0.288135593,"Jake McCarthy",21622,664983
"Justin Crawford","PHI",45,139,150,40,30,7,2,1,17,13,8,0,30,2,0,1,1,4,2,0.287769784,"Justin Crawford",31791,702222
"Ketel Marte","ARI",181,685,780,197,121,39,3,34,133,110,80,8,110,7,8,0,13,8,0,0.28759124,"Ketel Marte",13613,606466
"Romy Gonzalez","BOS",99,289,311,83,56,18,3,6,37,43,13,0,81,4,5,0,8,11,4,0.287197231,"Romy Gonzalez",21562,663853
"Josh Jung","TEX",135,505,547,145,104,22,2,17,70,58,37,0,129,4,1,0,16,4,1,0.287128712,"Josh Jung",26299,673962
"Yainer Diaz","HOU",169,634,666,182,128,29,3,22,79,94,25,1,110,2,5,0,19,2,1,0.287066246,"Yainer Diaz",23003,673237
"Luis García Jr.","WSN",192,656,701,188,128,28,3,29,86,104,39,0,94,1,5,0,15,28,6,0.286585365,"Luis Garcia Jr.",20391,671277
"Jose F Miranda","MIN",64,199,212,57,36,14,1,6,28,26,8,0,34,3,2,0,6,0,1,0.28643216,"Jose F Miranda",20538,669304
"Dom Nuñez","CLE",2,7,7,2,2,0,0,0,2,0,0,0,4,0,0,0,0,0,0,0.285714285,"Dom Nunez",15055,624513
"Luis De Los Santos","TOR",6,14,15,4,2,2,0,0,2,1,1,0,4,0,0,0,2,0,0,0.285714285,"Luis De Los Santos",21682,665782
"Matt Gorski","PIT",7,21,21,6,5,0,1,0,0,1,0,0,8,0,0,0,1,0,1,0.285714285,"Matt Gorski",25855,685301
"Tyler Callihan","- - -",20,49,57,14,7,2,2,3,9,11,6,0,16,1,1,0,0,0,0,0.285714285,"Tyler Callihan",27497,682997
"Ben Malgeri","DET",6,14,18,4,3,1,0,0,2,2,3,0,6,0,1,0,0,0,0,0.285714285,"Ben Malgeri",29577,701162
"Jordan Lawlar","ARI",21,56,65,16,11,4,0,1,10,6,6,0,16,2,1,0,0,2,0,0.285714285,"Jordan Lawlar",29976,691783
"Francisco Lindor","NYM",174,690,778,197,122,38,3,34,136,93,74,2,134,9,5,0,7,28,3,0.285507246,"Francisco Lindor",12916,596019
"Geraldo Perdomo","ARI",183,634,769,181,130,36,8,7,107,91,104,0,91,6,13,12,14,18,4,0.285488958,"Geraldo Perdomo",22799,672695
"Josh Naylor","- - -",198,726,818,207,137,40,0,30,112,139,72,7,105,7,8,0,27,28,2,0.285123966,"Josh Naylor",18839,647304
"Carlos Correa","- - -",126,470,513,134,91,29,1,13,60,58,38,4,94,1,4,0,15,0,0,0.285106382,"Carlos Correa",14162,621043
"Alec Burleson","STL",203,706,782,201,135,40,1,25,93,107,56,2,92,10,8,1,19,11,3,0.284702549,"Alec Burleson",27615,676475
"Brendan Donovan","- - -",150,562,631,160,110,35,2,13,68,68,50,3,78,13,5,1,3,7,4,0.284697508,"Brendan Donovan",24679,680977
"Tristan Peters","CHW",44,123,134,35,21,8,2,4,19,25,8,0,21,2,0,1,0,2,1,0.284552845,"Tristan Peters",30063,671976
"Bryce Teodosio","LAA",32,88,95,25,14,8,2,1,10,5,4,0,30,1,0,2,0,5,1,0.284090909,"Bryce Teodosio",29524,669326
"Chase DeLauter","CLE",44,169,186,48,36,8,1,3,18,27,15,0,19,0,2,0,4,2,2,0.284023668,"Chase DeLauter",32127,800050
"Jose Altuve","HOU",195,750,829,213,137,39,1,36,119,102,65,4,156,8,5,1,20,19,7,0.284,"Jose Altuve",5417,514888
"Victor Robles","- - -",75,215,241,61,46,12,0,3,26,17,15,0,46,8,1,2,1,23,3,0.28372093,"Victor Robles",18363,645302
"José Azócar","- - -",36,60,65,17,14,3,0,0,11,2,4,0,16,0,0,1,0,1,0,0.283333333,"Jose Azocar",18821,640492
"Byron Buxton","MIN",150,565,632,160,76,39,7,38,117,83,51,3,147,12,4,0,1,23,0,0.28318584,"Byron Buxton",14161,621439
"Juan Soto","- - -",196,710,868,201,114,33,2,52,140,144,144,10,143,4,7,1,15,26,5,0.283098591,"Juan Soto",20123,665742
"Otto Kemp","PHI",41,124,136,35,23,7,0,5,19,19,6,0,37,5,1,0,4,2,1,0.282258064,"Otto Kemp",31792,805249
"Blaze Alexander","- - -",107,326,376,92,71,14,2,5,43,46,31,1,95,12,1,4,4,4,8,0.282208588,"Blaze Alexander",23789,677942
"Elly De La Cruz","CIN",200,759,856,214,128,46,8,32,134,105,92,6,225,4,0,1,17,59,22,0.281949934,"Elly De La Cruz",26668,682829
"Jurickson Profar","- - -",118,419,491,118,70,24,0,24,70,69,60,1,84,9,1,2,4,10,4,0.281622911,"Jurickson Profar",10815,595777
"Victor Bericoto","SFG",11,32,33,9,7,0,0,2,4,6,1,0,9,0,0,0,0,1,0,0.28125,"Victor Bericoto",26468,682674
"Brandon Marsh","PHI",176,571,628,160,102,28,5,25,88,82,51,1,186,0,4,1,3,19,3,0.280210157,"Brandon Marsh",20202,669016
"Ryan Fitzgerald","MIN",10,25,28,7,5,0,0,2,6,6,3,0,5,0,0,0,0,0,0,0.28,"Ryan Fitzgerald",24622,680837
"William Contreras","MIL",202,722,844,202,138,36,1,27,124,110,111,5,151,3,8,0,20,9,5,0.279778393,"William Contreras",20503,661388
"Nolan Arenado","- - -",179,640,703,179,128,29,1,21,88,97,53,3,98,5,5,0,19,3,1,0.2796875,"Nolan Arenado",9777,571448
"Chandler Simpson","TBR",94,351,375,98,81,12,5,0,46,23,17,0,38,0,3,3,6,38,9,0.279202279,"Chandler Simpson",31912,802415
"Jhonny Pereda","- - -",32,86,96,24,17,5,0,2,9,9,7,0,23,2,0,1,3,0,0,0.279069767,"Jhonny Pereda",19802,640902
"Masataka Yoshida","BOS",109,355,394,99,68,23,0,8,46,44,24,0,46,12,3,0,5,4,0,0.278873239,"Masataka Yoshida",31837,807799
"Zach McKinstry","DET",167,495,560,138,81,30,12,15,70,60,53,1,112,5,5,2,10,17,3,0.278787878,"Zach McKinstry",19392,656716
"Jeremiah Jackson","BAL",56,187,195,52,30,12,2,8,20,32,6,0,41,1,1,0,6,0,0,0.278074866,"Jeremiah Jackson",22239,669236
"Carter Jensen","KCR",55,187,209,52,24,21,0,7,31,33,19,0,52,1,2,0,3,0,0,0.278074866,"Carter Jensen",29478,695600
"Jesús Sánchez","- - -",175,536,595,149,91,29,5,24,74,82,46,3,131,8,4,1,8,13,1,0.277985074,"Jesus Sanchez",19913,660821
"Zach DeLoach","CHW",8,18,22,5,1,4,0,0,4,2,4,0,4,0,0,0,0,0,1,0.277777777,"Zach DeLoach",27471,676113
"Jordan Beck","COL",111,396,426,110,74,24,4,8,50,42,26,1,113,2,2,0,10,16,5,0.277777777,"Jordan Beck",31431,687597
"Roman Anthony","BOS",50,180,207,50,33,13,2,2,26,16,25,0,42,2,0,0,2,4,0,0.277777777,"Roman Anthony",31812,701350
"Joey Bart","- - -",102,317,365,88,59,17,1,11,43,51,33,0,95,13,2,0,12,0,0,0.277602523,"Joey Bart",21524,663698
"Ernie Clement","TOR",194,681,719,189,134,36,3,16,81,75,25,1,63,4,3,6,13,7,5,0.277533039,"Ernie Clement",20352,676391
"Sal Frelick","MIL",188,620,703,172,124,29,6,13,95,72,64,1,98,6,6,0,8,23,7,0.277419354,"Sal Frelick",29622,686217
"Carson Benge","NYM",47,177,197,49,41,5,0,3,25,16,16,0,41,4,0,0,2,9,2,0.276836158,"Carson Benge",35177,701807
"Christian Koss","SFG",40,94,107,26,19,5,0,2,16,17,5,0,15,3,2,3,3,2,1,0.276595744,"Christian Koss",27653,683766
"Garrett Mitchell","MIL",90,254,290,70,41,16,4,9,41,34,29,1,97,2,2,3,2,14,5,0.275590551,"Garrett Mitchell",27555,669003
"Jordan Westburg","BAL",96,363,392,100,57,24,2,17,60,61,19,0,87,7,2,1,3,2,2,0.275482093,"Jordan Westburg",27815,676059
"Otto Lopez","MIA",175,654,708,180,128,34,4,14,90,84,45,2,111,4,3,2,18,25,6,0.275229357,"Otto Lopez",19608,672640
"Tyler Black","MIL",14,40,44,11,7,4,0,0,5,7,3,0,11,1,0,0,1,0,0,0.275,"Tyler Black",29949,672012
"Daniel Susac","SFG",12,40,44,11,9,1,1,0,3,6,3,0,11,0,0,1,1,1,0,0.275,"Daniel Susac",31441,691740
"Freddie Freeman","LAD",204,742,845,204,128,48,2,26,99,98,85,9,145,11,7,0,21,7,2,0.274932614,"Freddie Freeman",5361,518692
"Ryan O'Hearn","- - -",189,626,709,172,115,25,3,29,98,104,70,4,133,8,5,0,15,3,2,0.274760383,"Ryan O'Hearn",16442,656811
"Nick Sogard","BOS",35,113,126,31,21,9,1,0,13,11,8,0,31,2,2,1,5,3,1,0.274336283,"Nick Sogard",25483,686765
"Christian Yelich","MIL",140,511,584,140,96,22,1,21,83,86,66,6,151,6,1,0,4,21,2,0.273972602,"Christian Yelich",11477,592885
"Tyler Freeman","- - -",139,442,509,121,91,23,3,4,74,49,38,0,56,21,3,5,14,24,7,0.273755656,"Tyler Freeman",22532,671289
"Ezequiel Tovar","COL",168,647,698,177,111,39,5,22,86,76,34,1,192,1,7,8,11,7,4,0.273570324,"Ezequiel Tovar",24064,678662
"Nico Hoerner","CHC",200,772,846,211,156,47,3,5,104,68,57,1,75,11,6,0,11,33,5,0.273316062,"Nico Hoerner",21479,663538
"Fernando Tatis Jr.","SDP",180,670,778,183,119,30,2,32,107,83,89,7,139,12,6,1,13,41,10,0.273134328,"Fernando Tatis Jr.",19709,665487
"Daniel Vogelbach","TOR",15,33,36,9,4,4,0,1,4,5,3,0,8,0,0,0,1,0,0,0.272727272,"Daniel Vogelbach",14130,596129
"Oscar Colás","CHW",4,11,13,3,3,0,0,0,0,2,1,0,3,1,0,0,0,0,0,0.272727272,"Oscar Colas",30162,693049
"Lucas Spence","HOU",3,11,12,3,3,0,0,0,1,0,1,0,4,0,0,0,0,0,0,0.272727272,"Lucas Spence",35126,828599
"Chase Meidroth","CHW",111,404,462,110,88,17,0,5,58,32,45,0,75,7,3,2,12,10,3,0.272277227,"Chase Meidroth",31580,805367
"Michael Massey","KCR",130,419,452,114,77,24,2,11,52,50,18,1,64,3,9,3,9,1,1,0.272076372,"Michael Massey",27684,686681
"Adrian Del Castillo","ARI",58,162,174,44,28,10,0,6,20,30,10,0,47,0,2,0,5,0,0,0.271604938,"Adrian Del Castillo",29554,680728
"Austin Riley","ATL",144,549,600,149,92,32,0,25,77,80,40,1,156,9,2,0,10,5,1,0.27140255,"Austin Riley",18360,663586
"Mickey Moniak","- - -",170,564,608,153,81,28,8,36,96,102,34,1,150,6,4,0,5,8,3,0.271276595,"Mickey Moniak",19956,666160
"Brent Rooker","OAK",172,638,732,173,100,37,2,34,93,107,80,5,179,7,6,0,10,8,1,0.271159874,"Brent Rooker",19627,667670
"Brady House","WSN",56,192,205,52,40,7,0,5,27,28,10,0,51,0,3,0,8,5,0,0.270833333,"Brady House",29993,691781
"Jarren Duran","BOS",201,787,869,213,119,59,13,22,113,94,68,1,196,8,6,0,5,22,9,0.27064803,"Jarren Duran",24617,680776
"Jung Hoo Lee","SFG",130,473,517,128,88,26,8,6,54,41,37,0,59,4,3,0,3,8,4,0.270613107,"Jung Hoo Lee",33824,808982
"Isiah Kiner-Falefa","- - -",153,510,542,138,109,20,2,7,60,53,18,0,85,7,1,6,12,14,4,0.270588235,"Isiah Kiner-Falefa",16512,643396
"Starling Marte","- - -",118,370,413,100,79,12,1,8,45,38,31,0,96,6,2,4,6,10,2,0.27027027,"Starling Marte",9241,516782
"Moisés Ballesteros","CHC",44,111,130,30,21,4,1,4,19,18,18,1,21,0,1,0,2,0,0,0.27027027,"Moises Ballesteros",28820,694208
"Steven Kwan","CLE",180,670,769,181,135,27,4,15,102,57,83,3,73,4,5,6,8,15,6,0.270149253,"Steven Kwan",24610,680757
"Alika Williams","- - -",39,100,105,27,13,11,1,2,12,6,3,0,26,0,0,2,2,1,0,0.27,"Alika Williams",27604,675961
"Sam Hilliard","COL",32,89,104,24,13,5,1,5,20,17,11,1,29,0,2,2,4,2,1,0.269662921,"Sam Hilliard",17954,656541
"José Tena","- - -",88,267,285,72,46,17,3,6,30,31,16,0,67,2,0,0,6,9,2,0.269662921,"Jose Tena",23691,677588
"Pete Alonso","- - -",215,790,916,213,119,43,1,50,125,157,97,8,208,19,10,0,19,3,1,0.269620253,"Pete Alonso",19251,624413
"Jose Fernandez","ARI",28,78,84,21,17,1,0,3,12,8,4,0,20,0,0,2,2,4,1,0.269230769,"Jose Fernandez",28020,699912
"Javier Sanoja","MIA",100,290,314,78,50,19,3,6,34,40,18,0,32,1,1,4,2,7,2,0.268965517,"Javier Sanoja",28253,691594
"Gleyber Torres","- - -",166,610,702,164,118,26,0,20,94,84,80,0,139,3,9,0,9,3,2,0.268852459,"Gleyber Torres",16997,650402
"Kevin Newman","- - -",72,186,197,50,38,10,0,2,24,21,6,0,31,0,2,3,5,7,0,0.268817204,"Kevin Newman",17696,621028
"Rafael Devers","- - -",201,737,861,198,103,49,3,43,122,136,114,11,211,3,7,0,24,1,1,0.268656716,"Rafael Devers",17350,646240
"Corbin Carroll","ARI",198,738,851,198,93,42,28,35,146,115,96,3,173,10,7,0,8,43,8,0.268292682,"Corbin Carroll",25878,682998
"Kevin McGonigle","DET",49,179,216,48,33,10,2,3,31,16,37,0,29,0,0,0,2,4,0,0.268156424,"Kevin McGonigle",33572,805808
"Trevor Story","BOS",106,403,432,108,75,22,0,11,52,57,24,1,123,2,3,0,9,23,3,0.267990074,"Trevor Story",12564,596115
"Tristan Gray","- - -",57,153,168,41,31,6,0,4,16,21,10,0,50,0,4,1,1,1,0,0.267973856,"Tristan Gray",19877,656484
"Gunnar Henderson","BAL",210,825,917,221,133,39,6,43,136,112,81,4,203,8,3,0,9,29,8,0.267878787,"Gunnar Henderson",26289,683002
"Tommy Troy","ARI",18,56,61,15,11,2,1,1,11,3,5,0,11,0,0,0,0,1,0,0.267857142,"Tommy Troy",33279,694371
"Josh Smith","TEX",158,534,604,143,98,28,2,15,77,53,56,3,118,8,4,2,5,14,0,0.267790262,"Josh Smith",26396,669701
"Pete Crow-Armstrong","CHC",183,624,700,167,101,28,8,30,96,91,47,2,184,12,7,10,4,46,11,0.267628205,"Pete Crow-Armstrong",27769,691718
"Bo Bichette","- - -",152,598,651,160,103,35,1,21,80,80,41,1,112,5,7,0,17,7,2,0.267558528,"Bo Bichette",19612,666182
"Tyler Soderstrom","OAK",144,501,575,134,72,38,2,22,77,81,65,3,118,8,1,0,20,3,2,0.267465069,"Tyler Soderstrom",27467,691016
"Austin Martin","MIN",120,344,391,92,66,22,2,2,52,21,39,0,73,4,2,2,8,12,6,0.26744186,"Austin Martin",27462,668885
"Maikel Garcia","KCR",195,726,794,194,127,45,8,14,104,81,63,0,116,0,2,3,7,27,7,0.26721763,"Maikel Garcia",22715,672580
"Willson Contreras","- - -",152,528,619,141,87,28,2,24,79,84,66,2,155,23,1,1,16,6,1,0.267045454,"Willson Contreras",11609,575929
"Trevor Larnach","MIN",171,543,627,145,94,30,1,20,89,78,73,2,129,3,7,0,26,4,4,0.26703499,"Trevor Larnach",21501,663616
"Ehire Adrianza","LAA",5,15,16,4,3,0,0,1,3,2,1,0,5,0,0,0,0,0,0,0.266666666,"Ehire Adrianza",8418,501303
"J.D. Davis","- - -",26,90,95,24,17,3,0,4,11,5,4,0,20,1,0,0,1,0,0,0.266666666,"J.D. Davis",16219,605204
"Riley Greene","DET",196,720,807,192,117,40,5,30,105,118,71,2,227,8,7,0,8,2,2,0.266666666,"Riley Greene",25976,682985
"Tanner Murray","CHW",7,15,20,4,4,0,0,0,1,1,2,1,3,1,1,1,0,0,0,0.266666666,"Tanner Murray",28848,695020
"Kahlil Watson","CLE",13,45,46,12,8,4,0,0,2,4,1,0,14,0,0,0,1,6,0,0.266666666,"Kahlil Watson",29905,696135
"Mauricio Dubón","- - -",171,529,575,141,97,32,1,11,68,79,34,0,67,3,6,3,12,5,1,0.266540642,"Mauricio Dubon",16530,643289
"Luisangel Acuña","- - -",68,169,183,45,35,6,1,3,26,12,11,0,33,0,0,3,5,15,3,0.266272189,"Luisangel Acuna",26548,682668
"Owen Caissie","- - -",46,124,141,33,19,7,0,7,17,35,10,0,50,2,5,0,1,3,0,0.266129032,"Owen Caissie",27496,683357
"Austin Barnes","LAD",28,79,86,21,18,2,0,1,8,9,6,0,22,0,0,1,2,2,0,0.265822784,"Austin Barnes",12158,605131
"Ceddanne Rafaela","BOS",202,711,759,189,123,45,2,19,92,88,29,0,166,14,1,4,9,21,10,0.265822784,"Ceddanne Rafaela",24262,678882
"Heston Kjerstad","BAL",48,128,144,34,22,5,1,6,15,19,9,1,33,7,0,0,3,2,0,0.265625,"Heston Kjerstad",31166,677008
"Hunter Goodman","COL",150,550,600,146,80,27,3,36,93,97,41,1,161,6,3,0,13,3,3,0.265454545,"Hunter Goodman",29715,696100
"Keibert Ruiz","WSN",133,471,492,125,85,28,0,12,49,63,11,0,51,6,4,0,10,3,1,0.265392781,"Keibert Ruiz",19610,660688
"Justin Turner","- - -",106,309,361,82,55,19,0,8,41,35,39,1,71,8,5,0,10,2,2,0.265372168,"Justin Turner",5235,457759
"Heliot Ramos","SFG",171,667,731,177,125,25,4,23,87,84,50,4,178,8,6,0,11,6,3,0.265367316,"Heliot Ramos",22515,671218
"Dominic Smith","- - -",122,347,389,92,64,17,0,11,49,60,32,0,81,3,7,0,8,2,0,0.265129682,"Dominic Smith",15653,642086
"Willi Castro","- - -",183,638,718,169,119,34,3,13,94,69,60,1,167,16,4,0,9,16,7,0.264890282,"Willi Castro",17338,650489
"Jesse Winker","- - -",77,219,264,58,34,14,2,8,36,33,37,3,53,5,2,1,5,6,3,0.264840182,"Jesse Winker",13590,608385
"Ramón Laureano","- - -",142,442,494,117,77,19,3,18,65,57,42,1,142,8,2,0,7,12,5,0.264705882,"Ramon Laureano",17128,657656
"Nick Madrigal","- - -",24,68,74,18,17,1,0,0,7,8,5,0,7,1,0,0,1,2,0,0.264705882,"Nick Madrigal",20521,663611
"Billy Cook","PIT",20,34,34,9,8,1,0,0,5,2,0,0,10,0,0,0,0,4,0,0.264705882,"Billy Cook",29573,695257
"Ryan Jeffers","MIN",135,450,521,119,74,25,1,19,68,74,57,1,85,7,7,0,5,2,0,0.264444444,"Ryan Jeffers",24618,680777
"David Peralta","SDP",42,106,119,28,19,5,0,4,12,14,11,0,21,2,0,0,3,1,0,0.264150943,"David Peralta",2136,444482
"Yanquiel Fernández","COL",27,72,76,19,12,4,0,3,9,9,3,0,20,0,1,0,3,0,0,0.263888888,"Yanquiel Fernandez",28552,692585
"Matt Olson","ATL",210,785,888,207,120,51,1,35,111,108,87,4,219,7,9,0,13,1,0,0.263694267,"Matt Olson",14344,621566
"Bryson Stott","PHI",192,642,721,169,127,21,5,16,83,78,68,1,123,3,6,2,10,40,6,0.263239875,"Bryson Stott",26294,681082
"Vinnie Pasquantino","KCR",186,688,779,181,115,38,4,24,84,127,73,5,111,3,14,1,19,4,0,0.263081395,"Vinnie Pasquantino",27676,686469
"Marcell Ozuna","- - -",186,654,754,172,108,28,0,36,82,111,90,1,197,3,6,0,21,1,0,0.262996941,"Marcell Ozuna",10324,542303
"Manny Machado","SDP",204,754,836,198,124,36,0,38,110,116,71,7,164,1,10,0,23,15,4,0.262599469,"Manny Machado",11493,592518
"Jonathan India","- - -",144,499,584,131,85,29,1,16,76,57,72,0,95,8,4,1,9,7,5,0.26252505,"Jonathan India",21523,663697
"Randal Grichuk","- - -",128,320,343,84,38,28,2,16,51,48,19,1,62,2,2,0,10,0,0,0.2625,"Randal Grichuk",10243,545341
"Luis Rengifo","- - -",148,480,537,126,99,18,1,8,65,51,44,1,84,6,4,3,7,21,6,0.2625,"Luis Rengifo",19858,650859
"Carlos Cortes","ATH",60,160,175,42,23,13,1,5,16,21,11,0,32,3,1,0,8,0,0,0.2625,"Carlos Cortes",21842,666126
"Matt Carpenter","STL",33,61,75,16,9,4,0,3,9,12,10,0,22,2,2,0,0,0,2,0.262295081,"Matt Carpenter",8090,572761
"Tommy Edman","LAD",87,290,322,76,48,15,1,12,48,39,21,0,54,4,4,3,4,10,1,0.262068965,"Tommy Edman",19470,669242
"Michael Siani","STL",60,145,161,38,32,3,2,1,20,11,11,0,44,3,0,2,1,7,1,0.262068965,"Michael Siani",22557,672279
"James McCann","- - -",66,210,230,55,37,13,0,5,27,26,12,0,49,5,1,2,6,0,0,0.261904761,"James McCann",12859,543510
"Aaron Schunk","COL",30,84,87,22,16,4,0,2,14,7,3,1,21,0,0,0,1,0,1,0.261904761,"Aaron Schunk",25524,668845
"Gabriel Moreno","ARI",122,401,465,105,75,22,2,6,57,55,60,3,61,1,3,0,16,3,2,0.261845386,"Gabriel Moreno",22664,672515
"Mike Tauchman","- - -",101,298,350,78,53,14,1,10,51,32,49,0,68,2,1,0,7,2,1,0.261744966,"Mike Tauchman",15274,643565
"Oneil Cruz","PIT",177,642,733,168,94,44,3,27,99,112,78,5,210,7,6,0,6,45,4,0.261682242,"Oneil Cruz",21711,665833
"George Springer","TOR",185,673,781,176,112,29,1,34,124,91,90,1,161,8,1,0,15,19,3,0.261515601,"George Springer",12856,543807
"Will Smith","LAD",150,498,586,130,81,23,0,26,86,84,73,4,112,9,6,0,9,2,1,0.261044176,"Will Smith",19197,669257
"Austin Nola","COL",8,23,25,6,5,1,0,0,1,1,1,0,4,0,0,1,2,0,0,0.260869565,"Austin Nola",15941,543592
"Myles Straw","- - -",98,207,230,54,36,13,1,4,46,26,15,0,33,0,3,5,4,7,0,0.260869565,"Myles Straw",17620,664702
"Nick Gonzales","PIT",144,518,576,135,109,21,3,2,59,59,44,0,106,8,6,0,14,3,5,0.26061776,"Nick Gonzales",27490,693304
"Ryan Ritter","COL",35,119,128,31,22,6,3,0,15,14,5,0,36,2,1,1,3,2,1,0.260504201,"Ryan Ritter",31500,690022
"Alejandro Kirk","TOR",134,457,516,119,82,21,0,16,46,82,53,2,57,1,5,0,13,1,0,0.260393873,"Alejandro Kirk",22581,672386
"Will Brennan","- - -",63,169,179,44,29,9,1,5,20,17,9,1,25,1,0,0,3,0,2,0.260355029,"Will Brennan",25660,686823
"Kevin Pillar","- - -",54,150,161,39,28,7,1,3,17,19,4,0,35,6,1,0,7,6,0,0.26,"Kevin Pillar",12434,607680
"Enmanuel Valdez","- - -",53,150,167,39,20,13,2,4,16,22,17,0,35,0,0,0,1,1,1,0.26,"Enmanuel Valdez",21716,665839
"Ronald Acuña Jr.","ATL",99,354,426,92,60,15,3,14,70,34,67,4,108,4,1,0,5,17,4,0.259887005,"Ronald Acuna Jr.",18401,660670
"Michael Harris II","ATL",177,666,703,173,121,26,4,22,62,88,23,1,132,2,10,2,6,23,7,0.259759759,"Michael Harris II",25931,671739
"Braden Shewmake","- - -",27,77,80,20,13,4,0,3,9,9,1,0,11,0,2,0,0,3,1,0.259740259,"Braden Shewmake",25817,669699
"Yohendrick Piñango","TOR",26,77,82,20,12,5,0,3,5,11,5,0,16,0,0,0,6,0,0,0.259740259,"Yohendrick Pinango",26664,682818
"Edgar Quero","CHW",74,231,258,60,44,12,0,4,26,27,16,0,51,6,3,2,4,1,0,0.259740259,"Edgar Quero",28022,700337
"Jared Walsh","TEX",9,27,32,7,5,1,0,1,7,4,5,0,7,0,0,0,2,0,0,0.259259259,"Jared Walsh",18607,665120
"Eguy Rosario","SDP",17,27,29,7,0,4,0,3,4,4,1,0,14,1,0,0,0,0,0,0.259259259,"Eguy Rosario",19964,666703
"Brice Turang","MIL",203,726,830,188,129,37,5,17,111,82,91,2,181,2,3,8,10,53,5,0.258953168,"Brice Turang",22186,668930
"Andrew Benintendi","CHW",166,564,626,146,91,25,3,27,76,86,53,4,101,1,6,1,9,3,0,0.258865248,"Andrew Benintendi",17901,643217
"J.T. Realmuto","PHI",155,568,625,147,104,23,1,19,76,67,43,1,141,11,2,0,12,8,1,0.258802816,"J.T. Realmuto",11739,592663
"Alec Bohm","PHI",177,650,719,168,108,33,3,24,76,113,48,2,104,9,12,0,23,2,2,0.258461538,"Alec Bohm",21618,664761
"Ty France","- - -",168,538,597,139,98,24,1,16,57,67,39,1,117,14,6,0,17,3,1,0.258364312,"Ty France",17982,664034
"Bryan De La Cruz","- - -",84,329,349,85,53,21,0,11,34,38,16,1,80,2,2,0,9,3,0,0.258358662,"Bryan De La Cruz",19600,650559
"Spencer Horwitz","- - -",140,465,546,120,74,32,0,14,65,58,67,2,87,8,6,0,13,1,0,0.258064516,"Spencer Horwitz",26477,687462
"Jahmai Jones","- - -",75,128,152,33,17,7,2,7,27,18,22,0,36,2,0,0,4,2,1,0.2578125,"Jahmai Jones",18872,663330
"Johan Rojas","PHI",87,233,260,60,50,6,2,2,39,23,14,0,55,3,2,8,2,21,3,0.257510729,"Johan Rojas",24336,679032
"Brett Baty","NYM",146,439,496,113,81,13,2,17,65,61,48,1,127,3,4,1,7,10,0,0.257403189,"Brett Baty",26123,683146
"Ryan Mountcastle","BAL",116,416,448,107,69,22,2,14,49,51,22,0,110,2,8,0,13,5,0,0.257211538,"Ryan Mountcastle",18373,663624
"David Villar","SFG",13,35,41,9,4,4,0,1,5,4,5,0,11,0,1,0,1,0,0,0.257142857,"David Villar",24782,681584
"Will Wagner","- - -",45,109,126,28,21,7,0,0,14,7,16,0,22,0,0,1,5,0,0,0.256880733,"Will Wagner",29634,695238
"Sam Huff","- - -",15,39,41,10,7,3,0,0,3,2,1,0,14,0,1,0,0,0,0,0.256410256,"Sam Huff",22209,669087
"Jake Cave","COL",54,164,177,42,26,9,3,4,22,21,11,1,42,0,1,1,3,2,1,0.25609756,"Jake Cave",14477,595909
"James Wood","WSN",176,656,765,168,91,33,4,40,119,112,102,6,219,5,2,0,9,21,8,0.25609756,"James Wood",29518,695578
"Ozzie Albies","ATL",173,661,726,169,115,34,3,17,88,83,46,1,106,9,10,0,9,11,3,0.255673222,"Ozzie Albies",16556,645277
"Caleb Durbin","- - -",111,356,406,91,58,23,0,10,46,45,24,0,41,17,4,5,7,9,6,0.255617977,"Caleb Durbin",29646,702332
"Nick Castellanos","- - -",182,642,698,164,106,32,2,24,83,104,46,2,145,5,5,0,14,7,1,0.255451713,"Nick Castellanos",11737,592206
"Giancarlo Stanton","NYY",114,400,437,102,48,21,0,33,51,92,33,0,143,2,2,0,11,1,0,0.255,"Giancarlo Stanton",4949,519317
"Ezequiel Duran","TEX",117,361,389,92,63,21,1,7,44,49,23,0,89,2,2,1,8,9,2,0.254847645,"Ezequiel Duran",23733,677649
"Luke Keaschall","MIN",79,267,310,68,49,15,1,3,41,31,29,0,52,9,5,0,3,15,4,0.254681647,"Luke Keaschall",33321,807712
"Austin Hays","- - -",96,330,354,84,58,17,2,7,41,49,15,2,88,4,5,0,5,5,1,0.254545454,"Austin Hays",19363,669720
"Connor Wong","BOS",106,334,380,85,61,16,1,7,37,32,30,1,89,9,4,3,8,3,5,0.254491017,"Connor Wong",19896,657136
"Braden Montgomery","CHW",16,59,65,15,8,4,0,3,11,12,4,0,14,1,1,0,3,0,1,0.254237288,"Braden Montgomery",35423,695731
"Liam Hicks","MIA",105,307,357,78,54,13,2,9,37,45,33,0,38,12,4,1,4,1,0,0.254071661,"Liam Hicks",29844,689414
"Andrew Vaughn","- - -",158,555,610,141,84,35,1,21,61,89,42,1,122,6,6,1,14,0,0,0.254054054,"Andrew Vaughn",26197,683734
"Dominic Canzone","SEA",114,315,353,80,47,18,0,15,41,41,34,2,81,3,1,0,4,3,1,0.253968253,"Dominic Canzone",26438,686527
"Nathan Lukes","TOR",106,327,364,83,57,18,2,6,44,43,25,0,52,3,3,6,9,1,2,0.253822629,"Nathan Lukes",18123,664770
"Anthony Seigler","- - -",28,67,76,17,11,5,0,1,6,8,8,0,19,0,1,0,2,1,0,0.253731343,"Anthony Seigler",23802,678011
"Nolan Schanuel","LAA",184,674,773,171,126,32,0,13,75,68,73,2,113,13,10,3,13,10,3,0.253709198,"Nolan Schanuel",33189,694384
"Curtis Mead","- - -",118,339,381,86,56,14,1,15,47,49,33,0,83,8,1,0,10,6,1,0.253687315,"Curtis Mead",23986,678554
"Tommy Pham","- - -",123,414,467,105,74,23,2,6,49,52,46,2,98,2,5,0,9,3,2,0.253623188,"Tommy Pham",2967,502054
"Anthony Rizzo","NYY",41,142,162,36,28,4,0,4,18,15,13,0,26,6,1,0,1,0,0,0.253521126,"Anthony Rizzo",3473,519203
"Corey Seager","TEX",138,509,581,129,79,23,0,27,68,75,62,14,125,6,4,0,13,3,0,0.253438113,"Corey Seager",13624,608369
"Kerry Carpenter","DET",148,450,496,114,56,16,7,35,72,89,32,1,129,5,5,0,8,1,1,0.253333333,"Kerry Carpenter",25961,681481
"Kyle Isbel","KCR",164,458,516,116,81,15,10,10,67,51,35,0,102,4,4,15,9,9,7,0.253275109,"Kyle Isbel",21614,664728
"Brayan Rocchio","CLE",167,514,577,130,97,24,2,7,52,62,41,0,102,12,7,3,12,16,7,0.252918287,"Brayan Rocchio",23690,677587
"Vidal Bruján","- - -",82,182,210,46,32,10,2,2,34,15,23,3,36,3,1,1,3,5,6,0.252747252,"Vidal Brujan",20536,660644
"Carlos Narváez","- - -",90,281,317,71,39,23,0,9,35,32,28,0,78,2,3,3,9,2,0,0.252669039,"Carlos Narvaez",19722,665966
"Masyn Winn","STL",189,709,776,179,122,41,2,14,95,67,53,1,138,9,3,2,8,9,6,0.252468265,"Masyn Winn",27479,691026
"Wyatt Langford","TEX",154,547,632,138,78,33,5,22,79,86,75,5,145,5,5,0,10,19,6,0.252285191,"Wyatt Langford",33333,694671
"Willie Calhoun","LAA",37,119,133,30,16,9,0,5,13,15,14,1,18,0,0,0,4,0,1,0.25210084,"Willie Calhoun",17838,641432
"Hyeseong Kim","LAD",47,123,136,31,24,4,0,3,16,16,10,0,36,0,2,0,0,7,1,0.25203252,"Hyeseong Kim",35322,808975
"Eric Wagaman","- - -",91,298,317,75,45,20,0,10,35,30,15,0,55,2,2,0,7,1,1,0.251677852,"Eric Wagaman",23395,676572
"Dalton Rushing","LAD",56,155,172,39,25,10,0,4,23,29,15,0,52,0,2,0,0,0,0,0.251612903,"Dalton Rushing",31382,687221
"Teoscar Hernández","LAD",179,640,710,161,95,27,0,39,93,107,60,2,176,6,2,0,13,7,4,0.2515625,"Teoscar Hernandez",13066,606192
"Shea Langeliers","OAK",178,664,730,167,91,38,2,36,96,95,56,3,158,4,6,0,12,7,1,0.251506024,"Shea Langeliers",25816,669127
"Colt Keith","DET",185,565,621,142,100,22,7,13,81,53,50,2,121,3,3,0,9,7,2,0.251327433,"Colt Keith",27899,690993
"Santiago Espinal","- - -",125,347,382,87,67,13,0,7,32,36,23,1,42,2,4,6,11,8,1,0.250720461,"Santiago Espinal",19997,669289
"Miguel Rojas","LAD",137,355,387,89,58,21,0,10,37,35,23,1,41,3,2,4,11,2,1,0.250704225,"Miguel Rojas",7802,500743
"Max Kepler","- - -",127,435,474,109,65,24,1,19,60,64,32,2,92,4,3,0,8,1,0,0.250574712,"Max Kepler",12144,596146
"Kyle Tucker","- - -",158,551,661,138,81,29,4,24,97,74,98,6,105,4,3,1,8,23,1,0.25045372,"Kyle Tucker",18345,663656
"Wilyer Abreu","BOS",172,571,638,143,79,34,4,26,86,92,54,5,144,3,7,2,12,11,3,0.250437828,"Wilyer Abreu",23772,677800
"Mookie Betts","LAD",165,627,713,157,89,32,3,33,106,114,75,2,67,3,8,0,21,12,3,0.250398724,"Mookie Betts",13611,605141
"Kyle Schwarber","PHI",204,755,912,189,85,30,1,73,157,159,142,10,255,11,4,0,8,5,2,0.250331125,"Kyle Schwarber",16478,656941
"Adam Frazier","- - -",128,356,398,89,65,18,1,5,40,32,28,2,68,7,3,4,6,5,3,0.25,"Adam Frazier",15223,624428
"David Fletcher","ATL",3,8,9,2,2,0,0,0,0,2,0,0,1,0,1,0,0,0,0,0.25,"David Fletcher",17992,664058
"Harrison Bader","- - -",154,480,529,120,85,18,1,16,67,51,36,1,136,10,3,0,8,13,8,0.25,"Harrison Bader",18030,664056
"Jake Fraley","- - -",96,260,291,65,48,11,0,6,33,23,27,1,64,3,1,0,1,9,4,0.25,"Jake Fraley",19260,641584
"Lawrence Butler","OAK",182,624,693,156,92,37,3,24,103,73,65,1,184,0,3,1,8,21,6,0.25,"Lawrence Butler",22542,671732
"Kyle McCann","OAK",27,64,77,16,10,3,0,3,9,9,13,1,24,0,0,0,1,0,0,0.25,"Kyle McCann",25575,668832
"Ryan Ward","LAD",7,20,22,5,1,2,0,2,4,4,2,0,8,0,0,0,2,0,0,0.25,"Ryan Ward",27449,669899
"Jack Winkler","MIA",5,12,12,3,1,2,0,0,1,0,0,0,4,0,0,0,0,0,0,0.25,"Jack Winkler",29830,676466
"Harry Ford","SEA",2,4,5,1,1,0,0,0,0,1,0,0,2,0,1,0,0,0,0,0.25,"Harry Ford",29958,695670
"Luis Lara","MIL",3,8,9,2,2,0,0,0,0,0,1,0,2,0,0,0,0,1,0,0.25,"Luis Lara",30675,800325
"Kyle Karros","COL",62,188,221,47,30,11,1,5,35,19,28,0,48,2,3,0,4,1,0,0.25,"Kyle Karros",33252,691720
"Kazuma Okamoto","TOR",49,180,203,45,29,6,0,10,22,32,17,0,62,4,2,0,6,0,0,0.25,"Kazuma Okamoto",37123,672960
"Salvador Perez","KCR",203,757,825,189,124,35,0,30,72,116,47,11,169,17,3,0,22,0,0,0.249669749,"Salvador Perez",7304,521692
"Lars Nootbaar","STL",136,457,537,114,73,24,3,14,70,51,70,3,100,5,4,1,5,5,4,0.249452954,"Lars Nootbaar",21454,663457
"Victor Caratini","- - -",138,409,462,102,75,13,1,13,41,55,32,2,76,12,9,0,9,0,0,0.249388753,"Victor Caratini",14968,605170
"Casey Schmitt","SFG",109,369,400,92,56,19,1,16,40,46,21,1,85,4,5,1,6,2,0,0.249322493,"Casey Schmitt",27577,669477
"Edmundo Sosa","PHI",117,329,355,82,52,14,3,13,41,55,12,0,76,7,3,1,10,4,1,0.249240121,"Edmundo Sosa",17022,624641
"Ian Happ","CHC",197,716,837,178,99,41,4,34,126,99,111,3,203,6,4,0,9,13,3,0.248603351,"Ian Happ",17919,664023
"Isaac Collins","- - -",116,358,415,89,60,21,2,6,49,40,46,0,104,6,2,3,5,12,6,0.248603351,"Isaac Collins",25477,686555
"Amed Rosario","- - -",110,342,363,85,57,16,2,10,40,36,16,0,74,3,2,0,9,6,3,0.248538011,"Amed Rosario",15518,642708
"Josh Bell","- - -",191,672,746,167,111,34,3,19,76,88,61,1,145,6,4,0,24,1,1,0.248511904,"Josh Bell",13145,605137
"Seiya Suzuki","CHC",182,660,773,164,96,32,3,33,91,114,97,5,193,7,9,0,12,10,4,0.248484848,"Seiya Suzuki",30116,673548
"Justyn-Henry Malloy","DET",63,153,183,38,25,8,1,4,19,21,26,0,57,1,3,0,1,0,0,0.248366013,"Justyn-Henry Malloy",29606,669234
"Zach Neto","LAA",191,681,761,169,101,38,2,28,101,81,50,6,207,24,3,3,9,36,13,0.248164464,"Zach Neto",31347,687263
"Mike Yastrzemski","- - -",179,544,629,135,80,29,5,21,75,67,72,3,123,4,6,3,7,3,1,0.248161764,"Mike Yastrzemski",14854,573262
"Jordan Walker","STL",127,436,479,108,72,20,0,16,59,56,36,1,128,6,1,0,14,12,4,0.247706422,"Jordan Walker",27475,691023
"J.D. Martinez","NYM",61,214,245,53,27,15,1,10,24,41,24,0,70,6,1,0,8,0,0,0.247663551,"J.D. Martinez",6184,502110
"Parker Meadows","DET",66,214,238,53,37,6,5,5,25,12,21,0,57,2,0,1,0,10,2,0.247663551,"Parker Meadows",23800,678009
"Jon Berti","- - -",34,85,94,21,19,1,0,1,15,7,6,0,20,2,0,1,2,8,2,0.247058823,"Jon Berti",12037,542932
"Michael Busch","CHC",199,660,762,163,94,34,7,28,82,92,86,2,206,13,3,0,3,4,0,0.246969696,"Michael Busch",26319,683737
"Brett Sullivan","- - -",26,73,80,18,14,1,1,2,5,8,4,0,14,0,2,1,2,0,1,0.246575342,"Brett Sullivan",18217,664954
"Travis d'Arnaud","- - -",90,276,306,68,39,16,0,13,32,38,22,0,84,6,2,0,5,0,0,0.246376811,"Travis d'Arnaud",7739,518595
"Ben Williamson","- - -",67,207,223,51,38,11,1,1,21,22,13,0,47,2,0,1,4,6,0,0.246376811,"Ben Williamson",33197,810938
"Xander Bogaerts","SDP",168,605,676,149,118,16,0,15,62,72,61,3,129,3,6,1,13,27,2,0.246280991,"Xander Bogaerts",12161,593428
"Kameron Misner","- - -",53,130,150,32,25,2,1,4,17,17,15,0,46,1,2,2,1,7,0,0.246153846,"Kameron Misner",26374,670224
"Brooks Lee","MIN",143,512,553,126,91,16,3,16,47,82,37,2,80,1,3,0,12,5,2,0.24609375,"Brooks Lee",31595,686797
"Ke'Bryan Hayes","- - -",143,504,542,124,104,13,1,6,51,47,29,2,89,6,2,1,13,10,4,0.246031746,"Ke'Bryan Hayes",18577,663647
"Jazz Chisholm Jr.","- - -",194,691,784,170,109,22,4,35,107,101,82,5,210,7,4,0,4,50,17,0.24602026,"Jazz Chisholm Jr.",20454,665862
"Endy Rodríguez","PIT",20,61,72,15,6,8,0,1,11,7,10,0,15,0,0,0,2,1,0,0.245901639,"Endy Rodriguez",25332,682848
"Oliver Dunn","- - -",32,61,70,15,11,2,1,1,11,10,5,0,27,0,1,3,1,3,0,0.245901639,"Oliver Dunn",26295,686554
"Jackson Chourio","MIL",174,659,727,162,91,34,5,32,104,101,61,5,169,4,3,0,13,20,6,0.24582701,"Jackson Chourio",28806,694192
"Dairon Blanco","KCR",45,57,62,14,11,3,0,0,18,2,3,0,13,0,0,2,0,19,3,0.245614035,"Dairon Blanco",19779,680118
"Gavin Lux","- - -",143,432,481,106,71,24,2,9,49,51,46,0,105,1,2,0,6,2,0,0.24537037,"Gavin Lux",19955,666158
"Zach Dezenzo","HOU",38,102,111,25,18,6,0,1,10,8,9,0,42,0,0,0,1,0,0,0.245098039,"Zach Dezenzo",31562,701305
"Tyler Fitzgerald","SFG",75,241,259,59,37,14,0,8,37,19,11,0,75,1,1,5,1,10,3,0.244813278,"Tyler Fitzgerald",26208,666149
"Jared Young","NYM",38,94,105,23,13,5,0,5,12,13,7,0,21,3,1,0,2,0,0,0.244680851,"Jared Young",20404,676724
"Matt Thaiss","- - -",52,139,166,34,24,8,0,2,16,19,25,0,50,0,1,1,1,3,0,0.244604316,"Matt Thaiss",19318,642136
"Elias Díaz","- - -",113,344,375,84,57,18,0,9,38,49,25,1,72,3,2,1,13,0,0,0.244186046,"Elias Diaz",11680,553869
"Jacob Young","WSN",169,512,566,125,97,20,0,8,59,49,36,0,112,7,1,10,9,20,7,0.244140625,"Jacob Young",29931,696285
"Julio Rodríguez","SEA",194,754,824,184,128,28,2,26,101,83,59,5,201,8,3,0,13,35,6,0.24403183,"Julio Rodriguez",23697,677594
"Estevan Florial","CLE",14,41,46,10,4,4,0,2,5,5,5,0,16,0,0,0,0,1,0,0.243902439,"Estevan Florial",19151,664314
"Edward Olivares","PIT",27,82,92,20,14,3,0,3,12,14,7,0,13,1,2,0,0,1,0,0.243902439,"Edward Olivares",19698,658668
"Jackson Merrill","SDP",186,670,736,163,97,33,9,24,91,97,56,3,139,0,5,5,7,15,3,0.243283582,"Jackson Merrill",29490,701538
"Matt Chapman","SFG",184,662,755,161,88,46,3,24,99,84,79,3,160,11,3,0,11,12,7,0.243202416,"Matt Chapman",16505,656305
"Yasmani Grandal","PIT",35,107,123,26,12,9,0,5,15,14,15,0,20,0,0,1,5,0,0,0.242990654,"Yasmani Grandal",11368,518735
"Angel Martínez","CLE",129,424,469,103,67,23,0,13,55,45,30,0,107,5,3,7,5,10,3,0.242924528,"Angel Martinez",26540,682657
"Iván Herrera","STL",139,482,553,117,79,18,0,20,68,63,50,4,100,16,3,0,15,9,1,0.242738589,"Ivan Herrera",20599,671056
"Sam Haggerty","- - -",46,103,114,25,20,3,2,0,17,9,8,1,30,1,0,1,0,6,2,0.242718446,"Sam Haggerty",18054,664059
"Jon Singleton","HOU",65,202,222,49,31,8,1,9,26,30,17,0,63,0,3,0,1,0,0,0.242574257,"Jon Singleton",10441,572138
"Avisaíl García","MIA",12,33,34,8,5,1,0,2,4,2,1,0,9,0,0,0,3,0,0,0.242424242,"Avisail Garcia",5760,541645
"Harold Ramírez","- - -",40,132,136,32,29,1,0,2,13,14,2,0,28,1,1,0,2,4,1,0.242424242,"Harold Ramirez",14387,623912
"Max Muncy","LAD",141,425,516,103,49,16,2,36,83,91,78,5,111,5,8,0,3,1,0,0.242352941,"Max Muncy",13301,571970
"Ramón Urías","- - -",107,322,356,78,53,9,2,14,34,44,21,0,80,5,8,0,1,3,2,0.242236024,"Ramon Urias",18795,602104
"Heriberto Hernández","MIA",76,219,256,53,36,8,1,8,32,30,32,0,57,3,2,0,2,2,2,0.242009132,"Heriberto Hernandez",24878,681715
"Joey Wiemer","- - -",28,62,70,15,9,3,0,3,12,8,6,0,22,1,1,0,1,2,1,0.241935483,"Joey Wiemer",27690,686894
"Jack López","LAA",10,29,32,7,5,2,0,0,2,1,2,0,8,1,0,0,0,0,0,0.24137931,"Jack Lopez",13663,605346
"Brandon Valenzuela","TOR",30,87,102,21,11,4,0,6,15,15,14,0,27,0,1,0,1,1,0,0.24137931,"Brandon Valenzuela",23813,678218
"Dillon Dingler","DET",118,427,457,103,65,22,1,15,47,54,20,1,114,8,0,0,13,0,0,0.241217798,"Dillon Dingler",27464,693307
"Brandon Nimmo","- - -",198,734,828,177,113,32,5,27,103,113,74,2,187,12,8,0,7,12,1,0.241144414,"Brandon Nimmo",12927,607043
"Donovan Solano","- - -",74,195,217,47,34,7,0,6,19,18,15,0,43,5,2,0,7,1,0,0.241025641,"Donovan Solano",8623,456781
"Gary Sánchez","- - -",82,220,260,53,33,7,0,13,36,44,30,0,56,7,3,0,7,0,0,0.24090909,"Gary Sanchez",11442,596142
"Ryan McMahon","- - -",189,627,728,151,95,30,0,26,84,81,91,3,212,5,4,0,7,5,4,0.240829346,"Ryan McMahon",15112,641857
"Tyrone Taylor","NYM",130,353,390,85,59,17,3,6,42,39,25,2,84,6,2,3,4,14,4,0.240793201,"Tyrone Taylor",13675,621438
"Ildemaro Vargas","- - -",103,324,354,78,53,15,4,6,35,47,19,1,33,5,1,4,12,4,2,0.24074074,"Ildemaro Vargas",13324,545121
"Carson Kelly","- - -",134,432,492,104,76,13,0,15,52,62,53,0,91,4,3,0,11,2,1,0.24074074,"Carson Kelly",13620,608348
"Seth Brown","OAK",80,216,239,52,41,5,0,6,17,17,22,0,65,0,1,0,6,3,1,0.24074074,"Seth Brown",18171,664913
"Tim Anderson","- - -",40,133,141,32,29,3,0,0,11,8,7,0,45,0,0,1,1,2,4,0.240601503,"Tim Anderson",15172,641313
"Joe Mack","MIA",27,79,86,19,13,5,0,1,11,9,5,0,19,1,0,1,3,0,0,0.240506329,"Joe Mack",29780,691788
"Mitch Haniger","SEA",66,208,233,50,34,7,0,9,27,29,24,0,77,1,0,0,6,0,0,0.240384615,"Mitch Haniger",14274,571745
"Bryce Eldridge","SFG",33,104,127,25,13,7,0,5,14,11,22,1,33,0,1,0,0,0,0,0.240384615,"Bryce Eldridge",33390,805811
"Royce Lewis","MIN",128,458,506,110,72,20,0,18,57,70,44,1,96,0,4,0,9,10,1,0.240174672,"Royce Lewis",20437,668904
"Dylan Beavers","BAL",41,125,148,30,17,9,0,4,22,13,20,0,38,1,0,2,1,2,3,0.24,"Dylan Beavers",31695,687637
"Pedro Pagés","STL",111,342,367,82,62,8,2,10,34,38,15,0,89,2,3,5,12,3,0,0.239766081,"Pedro Pages",25782,686780
"Matt Vierling","DET",136,438,487,105,68,20,1,16,60,62,34,1,99,5,9,1,9,8,1,0.239726027,"Matt Vierling",21558,663837
"Andrés Giménez","- - -",171,605,657,145,107,23,1,14,70,71,25,0,107,18,5,4,13,21,5,0.239669421,"Andres Gimenez",19950,665926
"Pavin Smith","ARI",89,238,274,57,35,14,1,7,34,35,31,1,72,0,4,0,10,1,0,0.239495798,"Pavin Smith",19892,656976
"Luke Raley","SEA",142,401,457,96,50,20,2,24,57,67,30,1,139,20,2,4,1,12,3,0.239401496,"Luke Raley",19354,670042
"Dylan Carlson","- - -",79,209,230,50,37,9,0,4,19,26,17,0,57,3,1,0,1,4,1,0.239234449,"Dylan Carlson",20126,666185
"Tyler Stephenson","CIN",149,485,547,116,71,26,1,18,61,72,54,0,141,5,3,0,6,0,1,0.239175257,"Tyler Stephenson",17988,663886
"Nasim Nuñez","WSN",85,205,238,49,43,1,3,2,30,21,25,0,49,0,2,6,2,27,5,0.23902439,"Nasim Nunez",25979,683083
"Spencer Torkelson","DET",173,607,689,145,74,36,1,34,81,93,69,4,200,8,3,0,12,1,1,0.238879736,"Spencer Torkelson",27465,679529
"Gio Urshela","- - -",94,310,334,74,54,14,1,5,23,38,20,1,51,1,2,1,12,0,0,0.238709677,"Gio Urshela",10681,570482
"Drew Waters","KCR",39,109,117,26,18,4,3,1,12,10,6,0,34,2,0,0,2,3,1,0.23853211,"Drew Waters",20505,671221
"Dansby Swanson","CHC",199,688,774,164,106,24,3,31,115,103,76,2,180,3,6,1,8,27,4,0.238372093,"Dansby Swanson",18314,621020
"Daylen Lile","WSN",95,344,376,82,48,18,5,11,44,42,25,0,67,5,1,0,6,5,4,0.238372093,"Daylen Lile",29995,695734
"Spencer Steer","CIN",200,705,804,168,102,31,1,34,104,102,85,1,174,9,4,1,16,17,0,0.238297872,"Spencer Steer",26323,668715
"José Fermín","STL",63,147,169,35,25,6,1,3,16,17,18,0,25,1,1,1,6,5,0,0.238095238,"Jose Fermin",21746,665877
"Kyle Stowers","- - -",125,420,475,100,53,23,4,20,50,73,40,4,155,10,4,1,8,2,1,0.238095238,"Kyle Stowers",26151,669065
"Jasson Domínguez","NYY",86,269,308,64,45,14,0,5,37,24,36,1,71,1,1,0,4,12,2,0.237918215,"Jasson Dominguez",28080,691176
"Darell Hernaiz","OAK",79,240,269,57,48,7,0,2,19,18,21,0,38,1,3,4,6,2,2,0.2375,"Darell Hernaiz",26224,687231
"Michael Toglia","COL",96,337,387,80,43,21,3,13,40,40,47,4,126,0,3,0,9,8,0,0.237388724,"Michael Toglia",25845,669911
"Emmanuel Rivera","- - -",66,177,200,42,38,3,1,0,13,17,16,0,42,2,4,1,2,1,0,0.237288135,"Emmanuel Rivera",19890,656896
"Lenyn Sosa","- - -",134,464,489,110,82,16,0,12,40,53,18,1,113,3,2,2,10,3,2,0.237068965,"Lenyn Sosa",22896,672820
"Francisco Alvarez","NYM",113,367,414,87,50,18,0,19,49,54,39,0,97,6,2,0,16,1,0,0.23705722,"Francisco Alvarez",26121,682626
"Jakob Marsee","MIA",76,262,313,62,41,13,4,4,33,31,40,0,60,6,2,3,1,18,6,0.236641221,"Jakob Marsee",31370,805300
"JJ Wetherholt","STL",47,186,207,44,36,2,0,6,22,14,16,2,31,3,2,0,1,6,0,0.236559139,"JJ Wetherholt",34985,802139
"Jorge Polanco","- - -",140,482,542,114,65,26,0,23,55,67,47,3,125,5,5,3,8,8,1,0.236514522,"Jorge Polanco",13152,593871
"Ben Rice","NYY",136,461,537,109,53,20,3,33,75,67,66,1,115,4,5,0,14,3,0,0.236442516,"Ben Rice",29576,700250
"Curt Casali","SFG",20,55,63,13,11,2,0,0,9,3,5,0,8,2,0,1,1,0,0,0.236363636,"Curt Casali",12510,592200
"Leody Taveras","- - -",147,466,517,110,80,15,6,9,55,50,35,0,114,0,5,11,7,21,10,0.236051502,"Leody Taveras",18900,665750
"Alejandro Osuna","TEX",61,161,193,38,33,3,0,2,19,16,24,1,33,7,0,1,2,4,5,0.236024844,"Alejandro Osuna",27915,696030
"Colton Cowser","BAL",156,483,554,114,77,16,0,21,82,60,61,3,154,7,2,1,6,14,3,0.236024844,"Colton Cowser",29591,681297
"Nathaniel Lowe","- - -",175,573,659,135,85,20,3,27,76,72,76,3,162,4,6,0,10,2,0,0.235602094,"Nathaniel Lowe",19566,663993
"Cole Young","SEA",87,276,316,65,46,10,1,8,35,33,33,0,62,3,1,3,3,2,3,0.235507246,"Cole Young",31680,702284
"Chas McCormick","HOU",64,153,172,36,27,5,0,4,25,20,13,0,44,2,2,2,2,8,1,0.235294117,"Chas McCormick",19599,676801
"Cam Devanney","PIT",7,17,17,4,3,1,0,0,1,1,0,0,8,0,0,0,0,0,1,0.235294117,"Cam Devanney",25688,687478
"Brett Harris","OAK",33,102,118,24,14,7,0,3,22,13,15,0,26,0,1,0,1,0,2,0.235294117,"Brett Harris",29788,695391
"Nathan Church","STL",45,136,147,32,24,5,0,3,14,13,4,0,28,3,3,1,1,3,2,0.235294117,"Nathan Church",31357,701675
"Rikuu Nishida","CHW",6,17,18,4,4,0,0,0,1,2,0,0,3,0,0,1,0,0,0,0.235294117,"Rikuu Nishida",33795,807747
"CJ Abrams","WSN",188,727,805,171,118,30,2,21,102,87,57,3,159,12,8,1,6,35,8,0.235213204,"CJ Abrams",25768,682928
"Jake Cronenworth","SDP",168,557,652,131,86,26,3,16,81,68,76,1,127,11,4,2,12,4,1,0.235188509,"Jake Cronenworth",18036,630105
"Rob Refsnyder","- - -",113,281,322,66,47,9,0,10,34,36,33,1,86,4,3,1,7,2,1,0.234875444,"Rob Refsnyder",13770,608701
"Brandon Lowe","- - -",175,643,708,151,86,30,2,33,95,99,52,3,185,6,7,0,11,4,2,0.234836702,"Brandon Lowe",18882,664040
"Alek Thomas","ARI",100,311,336,73,47,15,3,8,45,31,14,0,74,4,3,4,11,5,4,0.234726688,"Alek Thomas",23792,677950
"Patrick Bailey","- - -",160,507,561,119,81,26,3,9,56,61,40,0,126,1,8,5,13,3,0,0.234714003,"Patrick Bailey",27478,672275
"Nicky Lopez","- - -",90,260,292,61,51,7,2,1,30,18,22,0,34,2,0,8,3,4,2,0.234615384,"Nicky Lopez",19339,670032
"Jarred Kelenic","- - -",89,273,300,64,39,12,2,11,36,29,24,1,96,1,1,1,1,4,1,0.234432234,"Jarred Kelenic",22558,672284
"Jackson Holliday","BAL",126,444,490,104,72,16,1,15,52,55,39,1,107,3,4,0,4,12,4,0.234234234,"Jackson Holliday",31781,702616
"Abraham Toro","- - -",88,299,326,70,47,17,0,6,34,34,18,0,53,5,4,0,4,4,1,0.234113712,"Abraham Toro",19844,647351
"Lourdes Gurriel Jr.","ARI",156,581,643,136,88,23,4,21,69,103,40,0,96,9,13,0,14,7,2,0.234079173,"Lourdes Gurriel Jr.",19238,666971
"Joey Meneses","- - -",40,141,157,33,28,3,0,2,9,20,11,0,31,2,3,0,4,0,0,0.234042553,"Joey Meneses",14366,608841
"Brandon Lockridge","- - -",37,94,106,22,17,5,0,0,13,13,10,0,25,0,0,2,1,4,0,0.234042553,"Brandon Lockridge",21496,663604
"Kody Clemens","- - -",115,359,399,84,42,17,3,22,55,59,30,1,94,6,2,2,5,5,1,0.233983286,"Kody Clemens",20572,665019
"Tyler Heineman","- - -",48,124,140,29,20,6,0,3,19,16,8,0,31,4,2,2,4,2,0,0.233870967,"Tyler Heineman",13897,623168
"Jorge Soler","- - -",144,492,558,115,66,30,2,17,72,62,50,0,154,7,6,0,9,0,0,0.233739837,"Jorge Soler",14221,624585
"Alex Bregman","- - -",173,655,752,153,90,35,2,26,92,88,84,3,98,8,5,0,15,2,2,0.233587786,"Alex Bregman",17678,608324
"Michael Stefanic","- - -",23,60,67,14,13,1,0,0,5,2,5,0,11,1,0,1,2,0,0,0.233333333,"Michael Stefanic",25353,683021
"Sal Stewart","CIN",59,210,238,49,25,14,0,10,29,32,26,1,58,1,1,0,3,4,2,0.233333333,"Sal Stewart",31505,701398
"Colby Thomas","ATH",49,120,131,28,17,4,0,7,18,14,8,0,41,0,1,2,1,1,1,0.233333333,"Colby Thomas",31855,687515
"Victor Scott II","STL",119,343,397,80,64,14,0,2,38,20,34,0,80,7,3,10,4,31,3,0.233236151,"Victor Scott II",31349,687363
"Mark Vientos","NYM",150,506,557,118,66,23,0,29,58,85,41,0,150,6,4,0,12,0,0,0.233201581,"Mark Vientos",22184,668901
"Eugenio Suárez","- - -",197,699,788,163,85,19,2,57,109,144,65,2,237,13,11,0,13,3,2,0.233190271,"Eugenio Suarez",12552,553993
"Mike Trout","LAA",114,386,487,90,51,13,2,24,71,51,92,10,145,6,3,0,3,8,1,0.233160621,"Mike Trout",10155,545361
"Addison Barger","TOR",112,356,391,83,47,21,0,15,39,55,31,2,93,2,1,0,2,3,1,0.233146067,"Addison Barger",24598,680718
"Freddy Fermin","- - -",122,365,403,85,63,16,0,6,38,37,23,1,78,4,3,8,7,2,1,0.232876712,"Freddy Fermin",21840,666023
"Jared Triolo","PIT",138,438,495,102,75,17,2,8,46,43,44,0,99,5,3,3,3,11,2,0.232876712,"Jared Triolo",25807,669707
"Andy Ibáñez","- - -",92,189,208,44,31,7,0,6,27,29,14,0,42,5,0,0,4,3,1,0.232804232,"Andy Ibanez",18819,628451
"Dominic Fletcher","CHW",35,116,122,27,23,4,0,0,7,7,4,0,29,2,0,0,1,0,0,0.23275862,"Dominic Fletcher",26149,666150
"Joey Loperfido","- - -",75,215,234,50,29,15,3,3,21,26,13,0,79,3,1,2,3,3,1,0.232558139,"Joey Loperfido",29630,694388
"Travis Bazzana","CLE",34,129,149,30,18,9,1,2,12,12,18,1,38,1,1,0,0,6,1,0.232558139,"Travis Bazzana",34967,683953
"David Fry","CLE",119,284,332,66,41,12,0,13,41,42,41,3,98,5,2,0,7,2,0,0.232394366,"David Fry",24934,681807
"Thomas Saggese","STL",64,198,213,46,35,8,1,2,20,14,15,0,56,0,0,0,4,2,1,0.232323232,"Thomas Saggese",27883,695336
"Donovan Walton","- - -",26,69,79,16,10,4,0,2,11,6,8,0,16,1,0,1,2,0,0,0.231884057,"Donovan Walton",19314,622268
"Willy Adames","- - -",205,764,858,177,101,38,3,35,112,115,85,3,221,2,7,0,11,19,5,0.231675392,"Willy Adames",15986,642715
"Mark Canha","- - -",86,242,290,56,42,11,0,3,31,28,32,0,54,10,6,0,7,4,1,0.231404958,"Mark Canha",11445,592192
"Luis Matos","- - -",55,173,183,40,26,7,0,7,24,30,8,1,25,0,2,0,7,1,0,0.231213872,"Luis Matos",26467,682641
"Ryan Vilade","- - -",37,104,117,24,14,4,1,5,13,20,9,0,24,0,2,2,3,2,0,0.23076923,"Ryan Vilade",22165,668723
"Will Wilson","CLE",21,52,60,12,10,2,0,0,6,2,4,0,24,1,0,3,1,2,0,0.23076923,"Will Wilson",25434,669717
"Jonatan Clase","- - -",30,78,89,18,14,2,0,2,11,8,9,0,24,2,0,0,0,4,0,0.23076923,"Jonatan Clase",26599,682729
"Petey Halpin","CLE",16,26,27,6,4,2,0,0,4,0,1,0,6,0,0,0,1,0,0,0.23076923,"Petey Halpin",27931,690984
"Jacob Gonzalez","- - -",14,39,44,9,7,1,0,1,4,7,4,0,10,1,0,0,0,0,0,0.23076923,"Jacob Gonzalez",33225,694378
"Hunter Renfroe","KCR",76,243,267,56,36,11,0,9,24,36,22,0,50,1,1,0,8,0,1,0.230452674,"Hunter Renfroe",15464,592669
"Daulton Varsho","TOR",147,508,561,117,60,28,6,23,90,75,46,2,147,4,3,0,4,10,2,0.23031496,"Daulton Varsho",19918,662139
"Jhonkensy Noel","CLE",63,165,178,38,20,5,1,12,25,23,10,0,59,2,1,0,2,0,0,0.23030303,"Jhonkensy Noel",24257,678877
"Brett Wisely","- - -",60,165,177,38,24,11,1,2,13,23,10,0,51,1,1,0,2,0,2,0.23030303,"Brett Wisely",27735,689172
"Travis Jankowski","- - -",56,126,135,29,23,5,0,1,15,10,8,0,28,0,1,0,3,7,0,0.23015873,"Travis Jankowski",13768,608671
"Wenceel Pérez","DET",136,452,498,104,64,18,7,15,57,49,40,0,98,2,2,2,5,14,5,0.230088495,"Wenceel Perez",22857,672761
"Cedric Mullins","- - -",182,587,669,135,75,28,2,30,88,87,62,0,146,5,6,6,3,27,5,0.229982964,"Cedric Mullins",17929,656775
"Andrew McCutchen","- - -",144,483,565,111,74,23,1,13,63,48,72,6,131,5,4,0,16,2,2,0.229813664,"Andrew McCutchen",9847,457705
"Eloy Jiménez","- - -",52,161,173,37,27,8,0,2,12,9,11,1,31,1,0,0,12,1,0,0.229813664,"Eloy Jimenez",17484,650391
"DJ LeMahieu","NYY",45,148,165,34,28,3,0,3,15,17,14,0,30,0,3,0,9,0,1,0.229729729,"DJ LeMahieu",9874,518934
"Paul DeJong","- - -",97,327,345,75,42,20,0,13,34,40,12,0,118,3,3,0,8,2,0,0.229357798,"Paul DeJong",18015,657557
"Luken Baker","STL",22,48,55,11,5,4,1,1,4,8,6,0,16,0,1,0,3,1,0,0.229166666,"Luken Baker",21497,663609
"Miguel Amaya","CHC",95,275,309,63,44,10,1,8,34,40,25,0,64,3,3,3,6,0,0,0.229090909,"Miguel Amaya",21693,665804
"Enrique Hernández","LAD",103,280,303,64,43,9,0,12,37,39,19,0,62,0,3,1,13,0,0,0.228571428,"Enrique Hernandez",10472,571771
"Jake Meyers","HOU",138,455,498,104,74,21,1,8,55,40,34,0,109,4,3,2,17,13,5,0.228571428,"Jake Meyers",20308,676694
"Logan O'Hoppe","LAA",161,547,591,125,88,14,0,23,59,65,35,0,176,5,3,1,12,2,3,0.228519195,"Logan O'Hoppe",24729,681351
"Nick Fortes","- - -",127,359,393,82,56,20,1,5,34,34,16,0,57,10,3,5,12,0,0,0.228412256,"Nick Fortes",21538,663743
"Jo Adell","LAA",188,648,704,148,86,26,2,34,77,97,34,1,180,19,1,0,16,4,6,0.228395061,"Jo Adell",20220,666176
"Luis Guillorme","- - -",41,92,106,21,15,5,1,0,9,6,12,0,24,0,1,1,2,0,1,0.228260869,"Luis Guillorme",16451,641645
"Jorge Mateo","- - -",80,193,208,44,27,12,2,3,33,13,10,0,57,1,3,1,2,16,5,0.227979274,"Jorge Mateo",17273,622761
"Randy Arozarena","- - -",202,724,840,165,93,38,0,34,114,96,81,1,208,28,7,0,12,35,11,0.227900552,"Randy Arozarena",19290,668227
"Lane Thomas","- - -",117,391,446,89,51,21,1,16,53,45,49,1,109,4,2,0,5,20,8,0.227621483,"Lane Thomas",16939,657041
"Adley Rutschman","BAL",153,554,636,126,78,29,1,18,65,68,69,1,110,2,11,0,11,0,0,0.227436823,"Adley Rutschman",26288,668939
"Yuli Gurriel","- - -",16,44,52,10,9,1,0,0,4,4,7,0,9,0,1,0,0,0,0,0.227272727,"Yuli Gurriel",19198,493329
"Cavan Biggio","- - -",47,110,134,25,22,3,0,0,15,5,14,0,31,6,0,2,1,1,0,0.227272727,"Cavan Biggio",19252,624415
"Nolan Jones","- - -",110,308,362,70,52,13,1,4,38,38,47,2,99,3,3,1,4,8,4,0.227272727,"Nolan Jones",20529,666134
"Jim Jarvis","ATL",6,22,24,5,4,1,0,0,3,2,1,0,5,1,0,0,0,0,0,0.227272727,"Jim Jarvis",33492,805347
"Samuel Basallo","BAL",62,207,225,47,29,6,0,12,21,29,14,1,52,2,2,0,4,0,0,0.22705314,"Samuel Basallo",28824,694212
"Kyle Manzardo","CLE",139,432,488,98,61,12,2,23,43,61,47,1,151,6,3,0,3,0,0,0.226851851,"Kyle Manzardo",29794,700932
"Wilmer Flores","SFG",100,313,350,71,55,9,0,7,29,37,28,0,62,5,4,0,6,0,0,0.22683706,"Wilmer Flores",5827,527038
"Yoán Moncada","- - -",68,203,230,46,24,10,3,9,27,24,22,0,64,5,0,0,1,1,0,0.226600985,"Yoan Moncada",17232,660162
"Isaac Paredes","- - -",181,627,740,142,83,29,2,28,78,96,83,2,125,22,8,0,21,0,1,0.226475279,"Isaac Paredes",20036,670623
"Robert Hassell III","WSN",36,106,110,24,17,6,0,1,13,10,4,0,31,0,0,0,1,3,0,0.226415094,"Robert Hassell III",27482,690987
"Luis Urías","- - -",68,190,225,43,32,5,0,6,15,16,24,0,38,7,1,0,6,1,1,0.226315789,"Luis Urias",16622,649966
"Jac Caglianone","KCR",78,274,301,62,36,12,1,13,40,31,22,0,79,4,1,0,6,2,1,0.226277372,"Jac Caglianone",35041,695506
"Alex Verdugo","- - -",107,389,427,88,61,20,0,7,45,35,32,0,63,2,3,1,6,3,0,0.226221079,"Alex Verdugo",17027,657077
"Robbie Grossman","- - -",41,84,102,19,12,4,0,3,9,9,16,0,22,1,1,0,4,1,0,0.226190476,"Robbie Grossman",5254,543257
"Taylor Walls","TBR",126,372,430,84,61,18,4,1,55,45,47,0,102,1,5,5,3,24,4,0.225806451,"Taylor Walls",22458,670764
"Luis Robert Jr.","- - -",118,430,478,97,67,15,0,15,52,49,40,2,134,2,2,1,6,27,7,0.225581395,"Luis Robert Jr.",20043,673357
"Dylan Crews","WSN",87,315,342,71,48,10,3,10,53,30,21,0,83,6,0,0,7,16,3,0.225396825,"Dylan Crews",33541,686611
"Jonny DeLuca","TBR",90,293,316,66,41,17,4,4,24,30,16,0,68,3,0,4,4,17,1,0.225255972,"Jonny DeLuca",26365,676356
"Gabriel Arias","CLE",98,298,329,67,39,19,1,8,35,36,25,2,106,5,1,0,5,7,2,0.224832214,"Gabriel Arias",22563,672356
"Nelson Velázquez","- - -",47,138,154,31,19,5,1,6,24,22,11,0,40,3,2,0,4,1,0,0.224637681,"Nelson Velazquez",23359,676369
"LaMonte Wade Jr.","- - -",105,285,346,64,43,16,2,3,35,27,51,4,72,6,3,1,3,1,0,0.224561403,"LaMonte Wade Jr.",18126,664774
"Connor Norby","- - -",91,303,338,68,39,19,0,10,39,29,27,0,104,8,0,0,5,9,2,0.224422442,"Connor Norby",29592,681393
"Manuel Margot","- - -",60,156,168,35,23,10,0,2,18,17,9,0,24,2,1,0,3,3,0,0.224358974,"Manuel Margot",14712,622534
"Christian Bethancourt","- - -",24,67,73,15,8,3,0,4,9,12,3,0,17,1,0,2,2,1,0,0.223880597,"Christian Bethancourt",10028,542194
"Hao-Yu Lee","DET",26,76,81,17,15,1,0,1,3,3,4,0,22,0,0,1,1,0,1,0.22368421,"Hao-Yu Lee",30080,701678
"Kris Bryant","COL",22,85,93,19,14,3,0,2,7,8,7,0,24,1,0,0,5,0,0,0.223529411,"Kris Bryant",15429,592178
"Joshua Palacios","- - -",35,85,100,19,13,3,0,3,10,8,12,0,18,3,0,0,1,0,0,0.223529411,"Joshua Palacios",19818,641943
"Max Muncy","ATH",54,179,195,40,23,9,1,7,21,25,11,0,64,2,3,0,5,1,0,0.223463687,"Max Muncy",29779,691777
"José Caballero","- - -",165,498,567,111,75,25,2,9,70,58,50,1,143,11,5,3,5,62,18,0.222891566,"Jose Caballero",23401,676609
"Carlos Santana","- - -",138,440,517,98,70,14,0,14,46,55,71,2,99,3,3,0,11,4,0,0.222727272,"Carlos Santana",2396,467793
"Matt Shaw","CHC",81,238,266,53,38,4,4,7,34,28,23,0,57,2,3,0,3,11,3,0.222689075,"Matt Shaw",33322,807713
"Forrest Wall","ATL",8,18,19,4,4,0,0,0,1,1,1,0,6,0,0,0,0,1,3,0.222222222,"Forrest Wall",16496,657088
"Cole Tucker","LAA",11,27,31,6,3,2,1,0,3,3,3,0,10,0,1,0,0,2,1,0.222222222,"Cole Tucker",17326,657061
"Christopher Morel","- - -",142,441,504,98,66,16,1,15,55,48,51,2,145,8,4,0,11,9,2,0.222222222,"Christopher Morel",21897,666624
"Triston Casas","BOS",41,144,163,32,13,8,0,11,19,28,16,3,49,3,0,0,2,0,1,0.222222222,"Triston Casas",22514,671213
"Nick Yorke","PIT",27,81,88,18,12,4,0,2,9,9,5,0,21,1,1,0,2,0,0,0.222222222,"Nick Yorke",27504,694377
"Colson Montgomery","CHW",80,288,320,64,35,10,0,19,43,42,25,1,92,7,0,0,5,1,0,0.222222222,"Colson Montgomery",29712,695657
"Drew Cavanaugh","SFG",7,18,23,4,4,0,0,0,1,0,5,0,5,0,0,0,0,0,0,0.222222222,"Drew Cavanaugh",33380,701852
"Cam Smith","HOU",115,378,436,84,58,15,1,10,46,37,47,0,110,8,2,0,10,10,0,0.222222222,"Cam Smith",35108,701358
"Jake Burger","- - -",163,590,634,131,80,26,0,25,70,81,33,2,151,9,2,0,11,1,0,0.222033898,"Jake Burger",22275,669394
"Jeff McNeil","- - -",170,536,619,119,77,33,2,7,54,63,58,2,72,14,8,3,11,5,2,0.222014925,"Jeff McNeil",15362,643446
"J.P. Crawford","SEA",172,600,699,133,92,26,0,15,79,58,90,1,150,5,1,3,8,8,2,0.221666666,"J.P. Crawford",15491,641487
"Weston Wilson","- - -",58,131,146,29,20,3,1,5,19,13,14,0,40,0,0,1,2,6,1,0.221374045,"Weston Wilson",19358,642215
"Esteury Ruiz","- - -",50,86,107,19,7,6,2,4,25,13,13,0,31,4,3,0,1,20,2,0.220930232,"Esteury Ruiz",21780,665923
"Jonah Heim","- - -",156,507,551,112,80,16,0,16,54,63,37,0,105,2,4,1,17,2,1,0.220907297,"Jonah Heim",16930,641680
"Denzer Guzman","LAA",20,77,80,17,14,3,0,0,3,7,3,0,25,0,0,0,1,1,0,0.22077922,"Denzer Guzman",28816,694203
"JJ Bleday","- - -",162,553,633,122,57,34,3,28,76,81,75,5,116,3,2,0,7,2,4,0.220614828,"JJ Bleday",26368,668709
"Victor Mesa Jr.","- - -",26,68,76,15,7,4,0,4,11,12,8,0,14,0,0,0,0,2,1,0.220588235,"Victor Mesa Jr.",25999,683748
"TJ Friedl","CIN",147,517,601,114,85,16,2,11,67,52,62,0,119,13,4,5,5,11,2,0.220502901,"TJ Friedl",19522,670770
"Jacob Stallings","- - -",58,186,212,41,26,10,1,4,22,19,19,1,62,5,1,1,6,0,0,0.220430107,"Jacob Stallings",13723,607732
"Christian Walker","- - -",188,658,753,145,81,34,2,28,87,99,68,4,218,19,8,0,16,2,2,0.220364741,"Christian Walker",13419,572233
"Davis Schneider","TOR",131,345,403,76,45,15,1,15,58,52,49,0,124,6,3,0,4,6,1,0.220289855,"Davis Schneider",23565,676914
"Tyler Nevin","OAK",41,109,124,24,18,3,0,3,12,9,11,0,27,2,2,0,2,0,0,0.220183486,"Tyler Nevin",17893,663527
"Elehuris Montero","COL",31,109,121,24,17,4,0,3,14,17,10,0,24,0,2,0,4,0,0,0.220183486,"Elehuris Montero",20543,660707
"Paul Goldschmidt","- - -",180,637,692,140,90,27,2,21,87,74,49,6,168,2,1,0,12,7,1,0.219780219,"Paul Goldschmidt",9218,502671
"Matt McLain","CIN",114,387,448,85,54,18,0,13,61,39,55,0,119,5,1,0,4,12,2,0.219638242,"Matt McLain",29695,680574
"Mason McCoy","SDP",18,41,48,9,8,1,0,0,7,1,5,0,13,0,0,2,1,0,0,0.219512195,"Mason McCoy",22232,669200
"Jonah Bride","- - -",55,164,196,36,30,3,0,3,14,12,27,1,44,2,3,0,5,0,0,0.219512195,"Jonah Bride",24703,681146
"Corey Julks","CHW",36,105,113,23,17,6,0,0,12,6,7,0,25,0,1,0,5,2,2,0.219047619,"Corey Julks",20311,667452
"Whit Merrifield","- - -",48,137,155,30,21,4,3,2,20,6,14,0,25,2,0,2,2,3,0,0.218978102,"Whit Merrifield",11281,593160
"Hunter Feduccia","- - -",39,96,112,21,14,5,0,2,8,11,13,0,32,0,2,1,2,0,0,0.21875,"Hunter Feduccia",23372,676439
"Oswaldo Cabrera","NYY",63,188,206,41,33,5,0,3,26,14,13,0,40,0,1,4,1,1,2,0.218085106,"Oswaldo Cabrera",21707,665828
"Kyle Higashioka","- - -",107,335,361,73,39,15,0,19,42,48,22,0,100,2,2,0,8,1,1,0.217910447,"Kyle Higashioka",5517,543309
"Gavin Sheets","- - -",187,602,679,131,79,32,1,19,64,71,66,1,144,8,3,0,9,2,2,0.217607973,"Gavin Sheets",19901,657757
"Zack Gelof","OAK",124,432,476,94,65,14,0,15,60,40,29,0,158,6,4,5,9,19,2,0.217592592,"Zack Gelof",29766,680869
"Anthony Volpe","NYY",176,630,691,137,87,28,4,18,75,67,49,1,153,4,4,3,6,24,13,0.217460317,"Anthony Volpe",27647,683011
"Rece Hinds","- - -",27,69,73,15,4,4,1,6,12,12,3,0,30,1,0,0,0,2,0,0.217391304,"Rece Hinds",27493,677956
"Trent Grisham","NYY",134,428,509,93,52,16,0,25,68,61,72,1,108,5,3,1,6,5,3,0.217289719,"Trent Grisham",18564,663757
"Agustín Ramírez","MIA",83,304,338,66,41,16,1,8,31,38,28,1,70,4,2,0,9,12,4,0.217105263,"Agustin Ramirez",26546,682663
"Thairo Estrada","- - -",67,258,268,56,40,11,1,4,26,30,7,0,45,0,3,0,8,0,2,0.217054263,"Thairo Estrada",16426,642731
"Jose Trevino","- - -",95,287,308,62,47,10,0,5,30,23,17,0,48,1,2,1,15,0,0,0.216027874,"Jose Trevino",16725,624431
"Austin Hedges","CLE",78,213,239,46,39,4,0,3,20,24,17,0,60,3,2,4,1,2,2,0.215962441,"Austin Hedges",12976,595978
"Stuart Fairchild","- - -",60,139,156,30,21,6,1,2,16,12,13,0,42,3,0,1,0,6,1,0.215827338,"Stuart Fairchild",20321,656413
"Jake Rogers","DET",83,241,279,52,30,14,1,7,37,31,32,0,68,2,3,1,5,0,0,0.215767634,"Jake Rogers",19452,668670
"Taylor Ward","- - -",213,774,903,167,105,34,0,28,103,97,110,1,229,9,10,0,13,7,3,0.215762273,"Taylor Ward",17548,621493
"MJ Melendez","- - -",105,292,325,63,35,16,2,10,36,31,29,0,84,2,1,1,3,4,1,0.215753424,"MJ Melendez",22197,669004
"Denzel Clarke","ATH",34,102,109,22,15,5,1,1,12,4,5,0,48,0,0,2,1,4,0,0.215686274,"Denzel Clarke",29858,672016
"Adolis García","- - -",180,654,720,141,79,38,0,24,72,96,55,2,208,4,7,0,13,17,6,0.21559633,"Adolis Garcia",19287,666969
"Nick Gordon","MIA",42,116,122,25,17,3,1,4,14,19,5,0,29,0,1,0,3,2,1,0.215517241,"Nick Gordon",16337,624503
"Marcus Semien","- - -",180,679,761,146,99,24,1,22,92,72,71,2,139,5,6,0,9,17,1,0.215022091,"Marcus Semien",12533,543760
"Derek Hill","- - -",78,200,222,43,31,7,2,3,25,22,13,0,71,2,1,6,2,11,4,0.215,"Derek Hill",16947,656537
"Josh Lowe","- - -",129,414,456,89,58,20,2,9,46,33,36,2,128,3,0,3,5,29,2,0.214975845,"Josh Lowe",19953,666139
"Noelvi Marte","CIN",100,335,356,72,49,11,1,11,40,32,17,0,97,2,2,0,7,9,2,0.214925373,"Noelvi Marte",26517,682622
"Miguel Vargas","- - -",154,526,604,113,65,27,1,20,87,67,69,1,110,5,4,0,11,7,1,0.214828897,"Miguel Vargas",20178,678246
"Alexander Canario","- - -",49,135,147,29,20,5,1,3,16,10,10,0,54,1,1,0,3,3,0,0.214814814,"Alexander Canario",22842,672744
"Javier Báez","DET",115,373,396,80,52,16,0,12,44,45,17,1,87,2,3,0,9,6,2,0.214477211,"Javier Baez",12979,595879
"Aramis Garcia","- - -",5,14,14,3,2,0,0,1,2,2,0,0,5,0,0,0,0,0,0,0.214285714,"Aramis Garcia",16925,605244
"Rafael Marchán","PHI",41,112,130,24,15,5,0,4,14,17,12,0,15,3,1,2,2,0,0,0.214285714,"Rafael Marchan",21646,665561
"Austin Shenton","TBR",9,14,17,3,2,1,0,0,1,1,3,0,6,0,0,0,1,0,0,0.214285714,"Austin Shenton",25425,668853
"Sterlin Thompson","COL",13,28,30,6,6,0,0,0,1,5,0,0,9,2,0,0,1,0,0,0.214285714,"Sterlin Thompson",31443,694514
"Joey Ortiz","MIL",180,538,603,115,72,26,3,14,68,66,50,0,109,4,4,7,7,16,4,0.213754646,"Joey Ortiz",25493,687401
"Nick Loftin","KCR",94,253,296,54,33,14,3,4,27,37,34,0,39,4,4,1,8,2,1,0.213438735,"Nick Loftin",27630,679845
"Drew Millas","WSN",34,108,124,23,14,6,1,2,14,11,10,0,29,2,1,1,1,3,1,0.212962962,"Drew Millas",25643,686452
"Willie MacIver","ATH",13,47,51,10,7,2,0,1,2,3,3,0,17,1,0,0,1,1,0,0.212765957,"Willie MacIver",24641,680862
"Trenton Brooks","- - -",17,33,35,7,5,2,0,0,6,1,2,0,10,0,0,0,1,0,0,0.212121212,"Trenton Brooks",19384,670092
"Dane Myers","- - -",97,236,268,50,37,8,1,4,23,26,25,0,71,5,2,0,11,9,4,0.211864406,"Dane Myers",22054,667472
"Tyler O'Neill","- - -",113,373,424,79,35,18,0,26,59,62,43,2,156,5,3,0,10,2,0,0.211796246,"Tyler O'Neill",15711,641933
"Matt Wallner","MIN",104,341,388,72,33,18,3,18,44,35,36,0,135,10,1,0,3,4,4,0.211143695,"Matt Wallner",26466,670242
"Yohel Pozo","STL",36,90,95,19,10,6,0,3,9,12,4,0,13,0,1,0,4,0,0,0.211111111,"Yohel Pozo",18848,650968
"Michael Conforto","- - -",157,455,519,96,58,25,2,11,51,43,51,1,129,8,5,0,17,2,0,0.21098901,"Michael Conforto",16376,624424
"Rowdy Tellez","- - -",122,346,381,73,42,13,0,18,39,56,26,0,90,4,5,0,8,1,0,0.210982658,"Rowdy Tellez",15679,642133
"Joc Pederson","- - -",154,441,513,93,48,18,1,26,63,65,56,2,107,10,3,0,12,4,3,0.210884353,"Joc Pederson",11899,592626
"Josh Rojas","- - -",105,299,345,63,44,14,0,5,36,22,38,1,76,2,3,2,4,6,1,0.210702341,"Josh Rojas",19734,668942
"David Hensley","MIA",8,19,22,4,3,0,0,1,5,1,3,0,4,0,0,0,0,1,0,0.210526315,"David Hensley",25111,682073
"Ronny Simon","- - -",13,38,44,8,6,2,0,0,3,3,4,0,7,0,2,0,1,0,0,0.210526315,"Ronny Simon",25346,682927
"Logan Davidson","- - -",9,19,21,4,3,1,0,0,2,2,2,0,8,0,0,0,0,0,0,0.210526315,"Logan Davidson",25844,669722
"Christian Moore","LAA",29,95,107,20,14,3,0,3,12,8,10,0,37,1,1,0,2,1,0,0.210526315,"Christian Moore",34979,695681
"Edouard Julien","- - -",120,352,407,74,53,12,1,8,49,33,53,0,117,2,0,0,8,7,1,0.210227272,"Edouard Julien",27534,666397
"Daniel Schneemann","CLE",139,400,445,84,58,16,1,9,42,44,43,1,123,0,1,1,7,9,4,0.21,"Daniel Schneemann",25180,682177
"Eli White","ATL",84,181,197,38,26,3,1,8,33,24,10,1,55,4,1,1,2,8,2,0.209944751,"Eli White",19346,642201
"Will Benson","CIN",136,353,396,74,37,15,3,19,48,56,37,1,136,2,2,1,2,7,7,0.209631728,"Will Benson",21853,666181
"Richie Palacios","TBR",89,253,297,53,39,10,2,2,39,17,41,0,60,1,1,0,8,13,5,0.209486166,"Richie Palacios",24589,680700
"Luis Torrens","NYM",93,258,284,54,40,10,1,3,24,27,18,0,61,6,0,2,7,0,0,0.209302325,"Luis Torrens",15905,620443
"Taylor Trammell","- - -",46,129,140,27,18,6,1,2,13,10,10,0,48,1,0,0,0,2,1,0.209302325,"Taylor Trammell",19960,666211
"Luis Campusano","SDP",67,192,209,40,26,7,0,7,20,27,17,0,34,0,0,0,7,0,0,0.208333333,"Luis Campusano",22217,669134
"Michael Helman","- - -",28,72,79,15,7,3,0,5,12,14,4,0,15,1,0,2,0,1,0,0.208333333,"Michael Helman",24605,680737
"Anthony Santander","- - -",107,389,442,81,44,15,1,21,59,54,43,3,94,5,5,0,8,0,0,0.208226221,"Anthony Santander",14551,623993
"Daz Cameron","- - -",35,77,83,16,13,1,1,1,14,6,5,0,19,0,1,0,2,4,0,0.207792207,"Daz Cameron",18353,663662
"Brooks Baldwin","CHW",55,174,184,36,23,7,1,5,12,17,6,0,48,1,2,1,7,4,0,0.206896551,"Brooks Baldwin",31394,681460
"Christian Vázquez","- - -",97,295,330,61,39,16,0,6,30,28,21,1,60,2,5,7,7,0,1,0.206779661,"Christian Vazquez",9774,543877
"Rhys Hoskins","- - -",147,441,516,91,53,16,0,22,57,68,60,2,166,7,8,0,9,3,0,0.206349206,"Rhys Hoskins",16472,656555
"Luke Maile","- - -",39,97,115,20,13,4,0,3,10,12,14,0,35,2,0,2,1,1,0,0.206185567,"Luke Maile",13355,571912
"Gustavo Campero","LAA",27,68,73,14,10,1,0,3,9,12,3,0,11,2,0,0,1,5,1,0.205882352,"Gustavo Campero",22707,672569
"Liover Peguero","PIT",15,34,38,7,6,1,0,0,2,3,3,0,11,1,0,0,1,1,0,0.205882352,"Liover Peguero",24273,678894
"Ryan Kreidler","- - -",46,107,123,22,14,3,1,4,18,13,14,0,28,1,0,1,4,4,4,0.205607476,"Ryan Kreidler",25867,668952
"Alan Roden","- - -",28,73,84,15,11,2,1,1,11,8,5,0,17,4,2,0,0,0,0,0.205479452,"Alan Roden",31564,702176
"Tyler Wade","SDP",58,112,131,23,18,3,2,0,20,9,14,0,32,2,0,2,0,5,1,0.205357142,"Tyler Wade",15730,642180
"Coby Mayo","BAL",90,263,292,54,29,15,0,10,34,33,25,0,91,3,1,0,3,2,0,0.205323193,"Coby Mayo",28312,691723
"Adam Duvall","ATL",49,151,163,31,20,7,0,4,11,12,12,0,47,0,0,0,3,0,0,0.205298013,"Adam Duvall",10950,594807
"Kyle Farmer","- - -",97,244,265,50,31,12,0,7,22,25,16,0,61,4,1,0,8,1,4,0.204918032,"Kyle Farmer",14813,571657
"Adael Amador","COL",27,83,92,17,10,6,0,1,5,8,6,0,14,1,0,2,0,1,0,0.204819277,"Adael Amador",27962,691182
"Marco Luciano","SFG",15,44,48,9,5,4,0,0,6,3,4,0,13,0,0,0,1,0,1,0.204545454,"Marco Luciano",25616,682617
"Carson Williams","TBR",16,44,49,9,3,2,0,4,10,8,4,0,17,0,0,1,1,1,1,0.204545454,"Carson Williams",30038,700246
"Evan Carter","TEX",81,230,271,47,27,10,3,7,33,23,32,1,58,7,0,2,0,12,2,0.204347826,"Evan Carter",27790,694497
"Jeimer Candelario","- - -",75,265,300,54,25,11,2,16,34,34,29,1,83,5,1,0,6,1,2,0.203773584,"Jeimer Candelario",13621,600869
"Garrett Cooper","- - -",18,54,59,11,5,4,1,1,3,8,3,0,20,2,0,0,3,0,0,0.203703703,"Garrett Cooper",15279,643265
"Ronny Mauricio","NYM",37,108,114,22,17,3,0,2,13,4,5,0,34,1,0,0,2,2,0,0.203703703,"Ronny Mauricio",23698,677595
"Cal Raleigh","SEA",191,673,791,137,73,20,0,44,90,120,101,9,224,11,6,0,9,11,1,0.203566121,"Cal Raleigh",21534,663728
"Nick Martini","- - -",43,118,128,24,15,4,1,4,17,16,7,1,23,3,0,0,0,0,1,0.20338983,"Nick Martini",12005,605361
"Austin Wells","NYY",147,438,515,89,53,20,0,16,51,61,60,1,121,4,10,2,12,3,0,0.203196347,"Austin Wells",27562,669224
"Jose Herrera","ARI",48,133,156,27,22,5,0,0,13,10,14,0,35,0,0,9,2,0,0,0.203007518,"Jose Herrera",17040,645444
"Vaughn Grissom","- - -",45,138,150,28,23,4,0,1,13,13,9,0,27,2,1,0,3,1,0,0.20289855,"Vaughn Grissom",26031,687093
"Connor Joe","- - -",92,237,270,48,27,13,1,7,24,22,29,0,71,2,2,0,5,3,2,0.202531645,"Connor Joe",16572,656582
"Bryce Johnson","SDP",52,104,117,21,17,3,0,1,13,6,8,0,27,1,0,4,1,5,2,0.201923076,"Bryce Johnson",20002,669369
"Munetaka Murakami","CHW",32,109,135,22,9,3,0,10,24,19,25,3,45,0,1,0,1,1,2,0.201834862,"Munetaka Murakami",37120,808959
"Oswald Peraza","- - -",86,243,260,49,40,7,0,2,20,18,10,0,70,4,1,1,6,6,1,0.20164609,"Oswald Peraza",22823,672724
"Orlando Arcia","- - -",119,377,414,76,55,13,0,8,30,29,32,1,82,1,4,0,12,1,1,0.201591511,"Orlando Arcia",13185,606115
"Jamie Westbrook","BOS",12,20,24,4,2,2,0,0,1,2,1,0,7,1,1,0,0,0,0,0.2,"Jamie Westbrook",15504,642197
"Armando Alvarez","OAK",4,10,10,2,2,0,0,0,2,1,0,0,1,0,0,0,0,0,0,0.2,"Armando Alvarez",19292,669137
"Carter Kieboom","LAA",2,5,5,1,1,0,0,0,0,1,0,0,0,0,0,0,0,0,0,0.2,"Carter Kieboom",19958,666198
"CJ Alexander","- - -",7,15,15,3,3,0,0,0,0,0,0,0,5,0,0,0,0,0,0,0.2,"CJ Alexander",20557,680769
"Coco Montes","TBR",4,10,10,2,2,0,0,0,0,1,0,0,3,0,0,0,0,0,0,0.2,"Coco Montes",21547,663796
"Jerar Encarnacion","SFG",35,105,110,21,15,4,0,2,8,11,4,0,25,0,1,0,1,2,0,0.2,"Jerar Encarnacion",21871,666464
"José Barrero","STL",8,15,17,3,1,1,0,1,3,3,1,0,5,1,0,0,0,0,0,0.2,"Jose Barrero",23378,676480
"J.P. Martínez","ATL",3,5,5,1,1,0,0,0,2,0,0,0,2,0,0,0,0,1,0,0.2,"J.P. Martinez",24451,679881
"Justin Dean","- - -",7,5,7,1,0,0,1,0,2,3,2,0,2,0,0,0,0,0,0,0.2,"Justin Dean",25005,681909
"Juan Brito","CLE",7,25,27,5,2,3,0,0,2,3,1,0,9,1,0,0,0,0,0,0.2,"Juan Brito",26693,682877
"David Hamilton","- - -",130,360,397,72,52,14,1,5,52,31,28,0,85,0,0,8,1,36,6,0.2,"David Hamilton",27531,666152
"Zach Cole","HOU",16,50,52,10,6,0,0,4,6,8,1,0,19,1,0,0,0,0,0,0.2,"Zach Cole",31583,805904
"Jacob Melton","HOU",16,40,42,8,7,0,1,0,3,5,2,0,19,0,0,0,1,3,0,0.2,"Jacob Melton",31661,689200
"Carson McCusker","MIN",8,15,15,3,3,0,0,0,0,0,0,0,7,0,0,0,0,0,1,0.2,"Carson McCusker",33098,676812
"Jonah Cox","SFG",8,15,17,3,2,0,1,0,0,1,0,0,11,0,0,2,0,0,0,0.2,"Jonah Cox",33270,813841
"Danny Jansen","- - -",110,331,393,66,40,9,1,16,42,42,53,0,89,6,2,1,9,0,1,0.19939577,"Danny Jansen",16535,643376
"Austin Slater","- - -",84,206,226,41,31,5,0,5,25,23,13,0,61,3,3,1,7,5,1,0.199029126,"Austin Slater",16153,596103
"Andruw Monasterio","- - -",79,176,197,35,18,16,0,1,21,15,18,0,60,3,0,0,2,6,3,0.198863636,"Andruw Monasterio",19455,655316
"Cristian Pache","- - -",37,76,87,15,10,3,1,1,6,10,10,0,30,0,1,0,1,0,0,0.197368421,"Cristian Pache",19948,665506
"J.C. Escarra","NYY",28,76,87,15,7,5,1,2,9,15,8,0,11,0,3,0,2,0,0,0.197368421,"J.C. Escarra",20084,641555
"Leo Jiménez","- - -",59,147,174,29,19,7,0,3,13,12,13,0,38,11,2,1,2,0,0,0.197278911,"Leo Jimenez",23782,677870
"Danny Mendick","CHW",25,61,66,12,6,4,0,2,6,4,3,0,18,1,0,1,2,2,0,0.196721311,"Danny Mendick",18889,664901
"Nacho Alvarez Jr.","ATL",36,117,128,23,14,9,0,0,7,3,7,0,34,3,1,0,1,0,0,0.196581196,"Nacho Alvarez Jr.",31765,805373
"Maximo Acosta","MIA",17,51,57,10,6,1,0,3,7,5,5,0,17,1,0,0,0,1,2,0.196078431,"Maximo Acosta",27963,691185
"Jake Bauers","MIL",146,393,462,77,46,10,2,19,62,59,60,4,144,7,2,0,3,13,1,0.195928753,"Jake Bauers",15194,641343
"Korey Lee","CHW",68,194,205,38,27,3,0,8,18,15,11,0,57,0,0,0,5,1,1,0.195876288,"Korey Lee",25543,686676
"Miles Mastrobuoni","- - -",66,138,151,27,23,4,0,0,14,6,9,0,27,0,0,4,1,4,2,0.195652173,"Miles Mastrobuoni",20017,670156
"Tomás Nido","- - -",29,77,85,15,9,4,0,2,9,10,4,0,19,1,1,2,1,0,0,0.194805194,"Tomas Nido",13755,621512
"Austin Wynns","- - -",26,72,78,14,7,5,0,2,8,7,5,0,18,0,0,1,1,0,0,0.194444444,"Austin Wynns",15271,642851
"Dustin Harris","- - -",17,36,43,7,4,3,0,0,4,2,7,0,12,0,0,0,0,3,1,0.194444444,"Dustin Harris",25705,687957
"Sean Bouchard","COL",40,103,122,20,12,6,1,1,17,13,14,0,37,2,2,1,1,5,0,0.194174757,"Sean Bouchard",21270,656248
"Nolan Gorman","STL",137,438,496,85,48,15,0,22,50,58,51,2,179,1,6,0,3,5,3,0.194063926,"Nolan Gorman",22263,669357
"Andrés Chaparro","WSN",40,93,107,18,9,7,0,2,13,5,11,0,29,2,1,0,1,1,0,0.193548387,"Andres Chaparro",21797,665953
"Alex Jackson","- - -",56,150,163,29,13,11,0,5,21,13,8,0,56,3,1,1,3,1,0,0.193333333,"Alex Jackson",17276,656577
"Tyler Locklear","- - -",25,83,94,16,12,0,0,4,9,5,9,0,36,2,0,0,6,2,0,0.192771084,"Tyler Locklear",31396,682988
"Sean Murphy","ATL",82,265,295,51,34,6,0,11,24,32,24,0,90,5,1,0,8,0,0,0.19245283,"Sean Murphy",19352,669221
"Blake Sabol","- - -",10,26,30,5,3,2,0,0,4,0,3,1,9,1,0,0,0,0,0,0.192307692,"Blake Sabol",25805,666165
"Kevin Alcántara","CHC",18,26,27,5,5,0,0,0,5,2,1,0,8,0,0,0,1,1,1,0.192307692,"Kevin Alcantara",25971,682634
"CJ Kayfus","CLE",27,78,84,15,6,6,0,3,10,11,4,0,22,2,0,0,0,3,0,0.192307692,"CJ Kayfus",33704,692216
"Hayden Senger","NYM",17,47,52,9,8,0,0,1,7,2,3,0,11,0,0,2,1,0,0,0.191489361,"Hayden Senger",21489,663584
"Christian Encarnacion-Strand","CIN",38,141,150,27,16,6,0,5,14,18,7,0,36,1,1,0,5,0,0,0.191489361,"Christian Encarnacion-Strand",30011,687952
"Jack Suwinski","PIT",68,199,219,38,25,9,0,4,16,14,18,1,70,1,0,1,2,6,0,0.190954773,"Jack Suwinski",22244,669261
"Bryan Ramos","CHW",19,63,66,12,7,3,0,2,7,5,3,0,14,0,0,0,1,0,1,0.19047619,"Bryan Ramos",25621,682868
"Jase Bowen","SDP",13,21,23,4,3,1,0,0,5,1,2,0,6,0,0,0,0,4,0,0.19047619,"Jase Bowen",26047,687749
"Anthony Rendon","LAA",22,79,91,15,9,6,0,0,9,5,9,0,7,3,0,0,2,1,1,0.189873417,"Anthony Rendon",12861,543685
"Drew Gilbert","SFG",55,143,162,27,15,9,1,2,15,16,13,2,25,4,1,1,3,1,1,0.188811188,"Drew Gilbert",31545,687551
"Jorge Alfaro","WSN",5,16,16,3,2,1,0,0,0,2,0,0,6,0,0,0,0,1,0,0.1875,"Jorge Alfaro",12180,595751
"Scott Kingery","- - -",10,16,17,3,3,0,0,0,4,0,1,0,7,0,0,0,0,0,1,0.1875,"Scott Kingery",17975,664068
"Steward Berroa","- - -",10,16,18,3,2,1,0,0,2,0,2,0,8,0,0,0,0,2,0,0.1875,"Steward Berroa",22766,672642
"Henry Davis","PIT",88,256,292,48,31,8,0,9,33,27,24,0,70,5,3,2,7,3,1,0.1875,"Henry Davis",29617,680779
"Ha-Seong Kim","- - -",95,311,357,58,47,4,2,5,36,23,41,2,67,2,2,1,6,12,1,0.186495176,"Ha-Seong Kim",27506,673490
"Jorbit Vivas","- - -",51,118,140,22,14,5,0,3,14,11,17,0,24,2,1,0,2,0,0,0.186440677,"Jorbit Vivas",23917,678391
"Alex Freeland","LAD",48,129,144,24,18,4,0,2,13,9,12,0,53,1,0,2,3,2,0,0.186046511,"Alex Freeland",31665,690976
"Chris Taylor","- - -",61,156,179,29,20,5,0,4,17,17,16,0,59,6,1,0,3,3,1,0.185897435,"Chris Taylor",13757,621035
"René Pinto","TBR",11,27,33,5,1,2,0,2,4,5,3,0,11,1,1,1,0,0,0,0.185185185,"Rene Pinto",19859,650907
"Graham Pauley","- - -",55,146,160,27,16,8,0,3,15,12,11,0,43,0,1,2,1,2,0,0.184931506,"Graham Pauley",31363,688363
"Marcelo Mayer","BOS",52,152,168,28,15,10,0,3,17,15,9,0,42,2,4,0,1,0,2,0.184210526,"Marcelo Mayer",29668,691785
"Kevin Kiermaier","- - -",35,98,107,18,14,3,1,0,10,2,3,0,41,2,1,3,1,4,0,0.183673469,"Kevin Kiermaier",11038,595281
"Joey Gallo","WSN",39,109,128,20,9,5,0,6,14,16,18,0,44,0,1,0,0,2,1,0.183486238,"Joey Gallo",14128,608336
"Riley Adams","WSN",61,180,202,33,20,6,1,6,21,19,17,1,71,3,2,0,1,1,0,0.183333333,"Riley Adams",19864,656180
"Max Schuemann","- - -",119,300,351,55,43,7,0,5,38,27,38,0,76,6,1,6,5,9,1,0.183333333,"Max Schuemann",24488,680474
"Jason Vosler","SEA",4,11,12,2,1,1,0,0,1,0,1,0,3,0,0,0,0,0,0,0.181818181,"Jason Vosler",16686,613564
"Charles Leblanc","LAA",6,11,16,2,1,0,0,1,3,3,5,0,4,0,0,0,0,0,0,0.181818181,"Charles Leblanc",19813,641779
"Ben Rortvedt","- - -",72,187,216,34,28,5,0,1,17,21,24,0,47,4,0,1,3,0,0,0.181818181,"Ben Rortvedt",20287,666163
"César Salazar","HOU",17,33,41,6,4,2,0,0,3,4,5,0,6,2,1,0,0,0,0,0.181818181,"Cesar Salazar",21587,663967
"Jacob Hurtubise","CIN",17,33,46,6,5,1,0,0,5,3,5,0,13,3,1,4,0,2,0,0.181818181,"Jacob Hurtubise",27599,674441
"Bob Seymour","TBR",10,33,35,6,5,0,0,1,5,3,1,0,14,1,0,0,0,0,0,0.181818181,"Bob Seymour",30028,676044
"Colt Emerson","SEA",25,77,83,14,10,1,0,3,7,9,4,0,34,1,0,1,2,2,0,0.181818181,"Colt Emerson",33575,806068
"Blake Perkins","MIL",102,288,323,52,38,10,1,3,35,31,32,0,86,1,2,0,3,20,2,0.180555555,"Blake Perkins",19921,663368
"Nick Senzel","- - -",34,106,121,19,12,4,0,3,14,7,13,0,26,0,0,1,3,1,1,0.179245283,"Nick Senzel",19293,669222
"David Bote","CHC",14,28,29,5,4,1,0,0,1,1,1,0,11,0,0,0,1,0,0,0.178571428,"David Bote",14593,623520
"Billy McKinney","- - -",10,28,32,5,3,2,0,0,5,3,3,0,11,1,0,0,1,0,0,0.178571428,"Billy McKinney",15654,641856
"Brian Serven","- - -",11,28,30,5,3,2,0,0,2,1,2,0,10,0,0,0,0,0,0,0.178571428,"Brian Serven",19422,661531
"Leo Rivas","SEA",58,140,170,25,20,2,2,1,22,15,25,0,51,2,1,2,1,5,0,0.178571428,"Leo Rivas",21009,660844
"Johnathan Rodríguez","- - -",24,56,71,10,6,2,0,2,6,8,15,0,20,0,0,0,3,1,0,0.178571428,"Johnathan Rodriguez",22530,671286
"Edwin Arroyo","CIN",17,56,58,10,8,1,1,0,6,1,0,0,12,2,0,0,0,0,1,0.178571428,"Edwin Arroyo",29957,695490
"Tim Tawa","ARI",50,129,147,23,11,6,0,6,12,18,13,0,35,0,2,3,4,4,1,0.178294573,"Tim Tawa",29571,694374
"Nick Allen","- - -",105,276,305,49,38,11,0,0,26,14,20,0,81,0,3,6,3,2,3,0.177536231,"Nick Allen",22277,669397
"Bo Naylor","CLE",130,372,424,66,33,17,1,15,45,45,44,0,118,3,3,2,4,4,3,0.177419354,"Bo Naylor",21865,666310
"Mickey Gasper","- - -",46,113,137,20,13,5,1,1,18,13,16,0,26,5,1,2,3,2,0,0.17699115,"Mickey Gasper",24759,681508
"Oscar Gonzalez","SDP",6,17,17,3,3,0,0,0,1,1,0,0,5,0,0,0,1,0,0,0.176470588,"Oscar Gonzalez",20970,660757
"Davis Wendzel","- - -",9,17,17,3,1,1,0,1,1,2,0,0,0,0,0,0,0,0,0,0.176470588,"Davis Wendzel",26469,673995
"Sebastián Rivero","LAA",14,40,42,7,5,2,0,0,5,2,2,0,9,0,0,0,0,0,0,0.175,"Sebastian Rivero",21735,665861
"Jordyn Adams","- - -",7,23,26,4,4,0,0,0,3,2,3,0,9,0,0,0,1,1,0,0.173913043,"Jordyn Adams",23788,677941
"Owen Miller","- - -",12,23,24,4,4,0,0,0,2,2,1,0,7,0,0,0,1,0,0,0.173913043,"Owen Miller",24655,680911
"Tsung-Che Cheng","- - -",8,23,26,4,3,1,0,0,2,3,2,0,5,0,1,0,1,0,2,0.173913043,"Tsung-Che Cheng",28344,691907
"Jason Heyward","- - -",60,156,179,27,12,7,0,8,23,24,18,2,40,3,1,0,1,2,0,0.173076923,"Jason Heyward",4940,518792
"Tucker Barnhart","- - -",21,52,61,9,6,3,0,0,8,4,8,0,19,0,0,1,2,1,0,0.173076923,"Tucker Barnhart",10200,571466
"Everson Pereira","- - -",18,52,57,9,6,0,0,3,5,9,5,0,21,0,0,0,1,2,0,0.173076923,"Everson Pereira",23695,677592
"Jonathan Ornelas","- - -",12,29,31,5,3,2,0,0,2,1,1,0,9,0,0,1,0,0,0,0.172413793,"Jonathan Ornelas",24597,680716
"Ben Gamel","- - -",15,35,45,6,4,1,0,1,12,1,10,1,10,0,0,0,0,0,0,0.171428571,"Ben Gamel",12160,592325
"Trey Sweeney","DET",67,181,202,31,22,4,2,3,20,18,19,0,58,1,1,0,5,1,0,0.171270718,"Trey Sweeney",29575,700242
"Sung-Mun Song","SDP",19,47,57,8,8,0,0,0,8,7,10,0,11,0,0,0,0,7,1,0.170212765,"Sung-Mun Song",37122,823550
"Garrett Hampson","- - -",67,119,130,20,13,7,0,0,15,8,6,0,39,0,2,3,3,1,1,0.168067226,"Garrett Hampson",19262,641658
"Eddie Rosario","- - -",40,125,135,21,14,2,0,5,14,17,7,0,35,0,2,1,2,3,0,0.168,"Eddie Rosario",12155,592696
"Jose Siri","- - -",94,256,290,43,23,7,0,13,38,35,20,0,109,7,3,2,5,8,4,0.16796875,"Jose Siri",17452,642350
"Michael A. Taylor","- - -",111,281,313,47,30,9,1,7,36,22,25,1,104,0,2,5,4,12,2,0.167259786,"Michael A. Taylor",11489,572191
"Seby Zavala","SEA",8,18,20,3,1,1,0,1,2,1,1,0,9,0,0,1,2,0,0,0.166666666,"Seby Zavala",18887,664874
"Drew Avans","- - -",2,6,7,1,1,0,0,0,1,1,0,0,1,0,1,0,0,1,0,0.166666666,"Drew Avans",25183,682183
"Cody Freeman","TEX",22,60,62,10,8,1,0,1,6,6,1,0,12,0,1,0,1,0,0,0.166666666,"Cody Freeman",25629,683227
"John Rave","KCR",31,78,94,13,9,3,0,1,8,5,14,0,30,0,1,1,0,2,2,0.166666666,"John Rave",26284,670231
"Zac Veen","COL",5,18,20,3,1,1,0,1,1,2,1,0,5,1,0,0,0,1,1,0.166666666,"Zac Veen",27770,691728
"Tommy White","ATH",2,6,7,1,0,1,0,0,0,0,1,0,0,0,0,0,0,0,0,0.166666666,"Tommy White",35107,695720
"James Outman","- - -",75,206,225,34,21,6,3,4,24,19,16,0,82,3,0,0,0,5,2,0.165048543,"James Outman",24770,681546
"Eric Haase","- - -",36,91,102,15,8,3,0,4,11,13,7,0,42,2,0,2,0,0,0,0.164835164,"Eric Haase",14111,606992
"Andrew Knizner","- - -",27,73,79,12,11,0,1,0,6,5,3,0,16,1,1,1,1,0,0,0.164383561,"Andrew Knizner",19514,668800
"Shay Whitcomb","HOU",26,49,52,8,5,2,0,1,3,4,3,0,15,0,0,0,0,0,0,0.163265306,"Shay Whitcomb",27789,694376
"Reese McGuire","- - -",47,141,156,23,18,2,0,3,8,12,8,0,39,2,3,2,3,1,0,0.163120567,"Reese McGuire",15674,624512
"Patrick Wisdom","- - -",43,92,98,15,8,1,2,4,8,11,6,0,30,0,0,0,1,2,0,0.163043478,"Patrick Wisdom",13602,621550
"Drew Romo","- - -",29,86,91,14,5,5,0,4,11,13,4,0,25,1,0,0,3,0,0,0.162790697,"Drew Romo",27763,691011
"Yan Gomes","CHC",12,37,39,6,4,1,0,1,5,1,1,0,12,1,0,0,1,0,0,0.162162162,"Yan Gomes",9627,543228
"Jorge Barrosa","ARI",49,111,121,18,9,6,0,3,19,9,6,0,29,1,1,2,1,0,0,0.162162162,"Jorge Barrosa",23968,678489
"Blaze Jordan","STL",13,37,42,6,3,3,0,0,1,7,2,0,5,0,3,0,0,0,0,0.162162162,"Blaze Jordan",28199,691458
"Trey Cabbage","HOU",17,31,35,5,1,3,0,1,7,3,3,0,13,1,0,0,0,0,0,0.161290322,"Trey Cabbage",21078,663550
"DJ Stewart","NYM",37,75,93,12,8,3,0,1,8,6,16,0,29,2,0,0,2,1,0,0.16,"DJ Stewart",17766,621466
"Cooper Hummel","- - -",22,50,57,8,6,0,0,2,3,4,6,0,21,0,0,1,2,0,0,0.16,"Cooper Hummel",19458,669450
"Ji Hwan Bae","PIT",18,44,50,7,6,1,0,0,9,5,6,0,12,0,0,0,0,5,2,0.159090909,"Ji Hwan Bae",23818,678225
"Braxton Fulford","COL",33,76,85,12,5,5,1,1,12,10,6,0,29,1,2,0,1,3,0,0.157894736,"Braxton Fulford",29704,690924
"Martín Maldonado","- - -",52,128,146,20,15,0,0,5,10,15,12,0,48,1,0,5,4,0,0,0.15625,"Martin Maldonado",6887,455117
"DaShawn Keirsey Jr.","MIN",25,45,47,7,5,0,0,2,6,4,1,0,15,1,0,0,0,3,1,0.155555555,"DaShawn Keirsey Jr.",24496,680577
"Kristian Campbell","BOS",33,110,132,17,14,3,0,0,9,5,17,0,32,4,1,0,1,1,1,0.154545454,"Kristian Campbell",33644,692225
"Dylan Moore","- - -",110,250,291,38,24,5,3,6,26,19,35,1,106,4,2,0,4,20,4,0.152,"Dylan Moore",18042,664238
"Alex Kirilloff","MIN",27,79,88,12,6,1,2,3,7,8,8,0,25,1,0,0,3,0,0,0.151898734,"Alex Kirilloff",20325,666135
"Justin Foscue","TEX",38,79,87,12,4,3,0,5,10,12,7,0,30,1,0,0,2,0,0,0.151898734,"Justin Foscue",27501,679822
"Luke Williams","ATL",25,33,41,5,3,2,0,0,6,2,6,0,8,2,0,0,2,4,0,0.151515151,"Luke Williams",19931,663897
"Joey Wendle","NYM",9,20,20,3,2,1,0,0,1,1,0,0,4,0,0,0,0,0,0,0.15,"Joey Wendle",13853,621563
"Mike Ford","CIN",7,20,21,3,3,0,0,0,0,0,1,0,4,0,0,0,0,0,0,0.15,"Mike Ford",15585,645801
"Rodolfo Durán","SDP",15,40,47,6,4,2,0,0,4,2,5,0,12,1,0,1,1,0,0,0.15,"Rodolfo Duran",20958,660710
"Bryan Torres","STL",16,40,44,6,3,0,1,2,5,4,3,0,13,0,0,1,0,1,0,0.15,"Bryan Torres",21464,663494
"Matt Mervis","- - -",23,67,76,10,4,2,0,4,8,8,6,1,30,1,1,0,0,0,0,0.149253731,"Matt Mervis",27845,670223
"Mitch Garver","SEA",110,322,376,48,27,8,0,13,34,30,49,1,128,5,0,0,7,2,0,0.149068322,"Mitch Garver",15161,641598
"Sandy León","ATL",11,27,27,4,3,0,0,1,1,3,0,0,8,0,0,0,0,0,0,0.148148148,"Sandy Leon",5273,506702
"Daniel Johnson","- - -",17,34,35,5,4,1,0,0,5,0,1,0,9,0,0,0,0,2,1,0.147058823,"Daniel Johnson",19643,669288
"Cooper Pratt","MIL",12,34,39,5,4,1,0,0,4,2,4,0,10,0,1,0,1,2,1,0.147058823,"Cooper Pratt",33530,806198
"Blake Dunn","CIN",40,116,131,17,10,5,0,2,15,6,11,0,39,4,0,0,2,3,0,0.146551724,"Blake Dunn",29487,694362
"Pablo Reyes","- - -",18,41,42,6,5,1,0,0,2,3,1,0,10,0,0,0,0,0,1,0.146341463,"Pablo Reyes",16357,622569
"Brandon Drury","LAA",42,145,156,21,18,2,0,1,11,3,8,0,39,2,1,0,3,0,0,0.144827586,"Brandon Drury",11615,592273
"Brian Navarreto","MIA",6,14,16,2,0,1,0,1,3,3,1,0,6,0,0,1,0,0,0,0.142857142,"Brian Navarreto",16398,640459
"George Valera","CLE",15,42,45,6,5,0,0,1,4,5,3,0,11,0,0,0,2,0,0,0.142857142,"George Valera",22541,671655
"Will Banfield","CIN",3,7,7,1,1,0,0,0,0,0,0,0,4,0,0,0,0,0,0,0.142857142,"Will Banfield",23790,677943
"Levi Jordan","CIN",3,7,8,1,0,1,0,0,1,1,0,0,2,0,1,0,0,0,0,0.142857142,"Levi Jordan",25138,682119
"Logan Driscoll","TBR",5,14,14,2,2,0,0,0,0,1,0,0,4,0,0,0,0,0,0,0.142857142,"Logan Driscoll",25475,686482
"Felix Reyes","PHI",5,14,14,2,1,0,0,1,1,2,0,0,3,0,0,0,0,0,0,0.142857142,"Felix Reyes",28763,694025
"Tim Elko","CHW",13,42,44,6,2,1,0,3,5,7,2,0,17,0,0,0,1,0,0,0.142857142,"Tim Elko",31522,671284
"Sean Keys","TOR",5,14,15,2,1,0,0,1,2,3,1,0,6,0,0,0,0,0,0,0.142857142,"Sean Keys",35094,815873
"Jace Jung","DET",28,64,81,9,8,1,0,0,10,3,16,0,20,1,0,0,2,0,1,0.140625,"Jace Jung",31437,690291
"Zack Short","- - -",41,100,114,14,9,3,0,2,8,6,10,0,39,0,0,4,0,0,1,0.14,"Zack Short",19562,670097
"Bobby Dalbec","- - -",18,43,49,6,5,1,0,0,4,5,4,0,24,1,0,1,1,3,0,0.139534883,"Bobby Dalbec",19966,666915
"Ryan Noda","- - -",28,72,84,10,8,1,0,1,3,4,10,2,30,0,0,2,0,0,0,0.138888888,"Ryan Noda",23312,676116
"Luis Vázquez","- - -",14,36,36,5,4,0,0,1,2,1,0,0,14,0,0,0,0,1,0,0.138888888,"Luis Vazquez",23442,676679
"Jacob Amaya","CHW",26,66,71,9,8,1,0,0,4,5,4,0,18,0,0,1,2,2,0,0.136363636,"Jacob Amaya",23296,676070
"Kyren Paris","LAA",34,97,108,13,8,3,0,2,10,5,9,0,41,1,0,0,1,2,1,0.134020618,"Kyren Paris",26420,677347
"Aaron Hicks","LAA",5,15,17,2,2,0,0,0,2,1,2,0,9,0,0,0,0,0,0,0.133333333,"Aaron Hicks",5297,543305
"Ali Sánchez","- - -",26,60,65,8,7,1,0,0,2,1,0,0,18,0,0,5,3,0,0,0.133333333,"Ali Sanchez",18551,645305
"Bubba Thompson","CIN",8,15,15,2,1,1,0,0,3,0,0,0,8,0,0,0,1,3,0,0.133333333,"Bubba Thompson",22261,669352
"Jimmy Crooks","STL",22,60,67,8,5,2,0,1,2,6,5,0,23,2,0,0,2,0,0,0.133333333,"Jimmy Crooks",31354,699625
"Vinny Capra","- - -",22,53,56,7,7,0,0,0,1,3,0,0,14,0,1,2,2,2,0,0.132075471,"Vinny Capra",25040,681962
"José Abreu","HOU",15,46,51,6,4,1,0,1,5,1,4,0,12,1,0,0,1,0,0,0.130434782,"Jose Abreu",15676,547989
"Grant McCray","SFG",24,62,65,8,6,0,1,1,6,2,3,0,30,0,0,0,1,3,0,0.129032258,"Grant McCray",25690,687529
"Gabriel Rincones Jr.","PHI",11,31,33,4,3,0,0,1,3,2,2,0,10,0,0,0,1,0,0,0.129032258,"Gabriel Rincones Jr.",31958,687282
"Niko Kavadas","LAA",17,47,55,6,3,1,0,2,5,3,6,0,20,2,0,0,0,0,0,0.127659574,"Niko Kavadas",29782,694359
"Alan Trejo","COL",19,56,62,7,6,1,0,0,4,1,3,0,13,1,1,1,3,0,0,0.125,"Alan Trejo",20056,676701
"Jair Camargo","- - -",3,8,8,1,0,1,0,0,1,0,0,0,4,0,0,0,0,0,0,0.125,"Jair Camargo",21730,665856
"Tirso Ornelas","SDP",3,8,9,1,1,0,0,0,0,0,1,0,1,0,0,0,1,0,0,0.125,"Tirso Ornelas",22566,672359
"Greg Jones","- - -",9,16,17,2,1,0,0,1,1,1,0,0,8,0,0,1,0,1,1,0.125,"Greg Jones",25448,675659
"Pedro León","HOU",3,8,9,1,1,0,0,0,0,0,1,0,3,0,0,0,1,2,0,0.125,"Pedro Leon",27781,694175
"LuJames Groover","ARI",8,24,24,3,2,1,0,0,1,1,0,0,2,0,0,0,2,0,0,0.125,"LuJames Groover",33552,694410
"Miguel Sanó","LAA",14,41,46,5,4,0,0,1,4,2,4,0,23,1,0,0,0,0,0,0.121951219,"Miguel Sano",12164,593934
"Travis Blankenhorn","WSN",10,25,26,3,2,1,0,0,2,4,1,0,7,0,0,0,0,0,0,0.12,"Travis Blankenhorn",18395,663905
"Junior Perez","CHW",7,17,17,2,2,0,0,0,1,0,0,0,8,0,0,0,0,0,0,0.117647058,"Junior Perez",23989,678577
"Ryan Bliss","SEA",26,60,68,7,4,1,0,2,9,4,7,0,26,0,0,1,2,6,1,0.116666666,"Ryan Bliss",29547,669208
"Trey Lipscomb","WSN",28,86,94,10,9,1,0,0,5,3,6,0,20,0,0,1,2,1,1,0.116279069,"Trey Lipscomb",31567,702358
"Rafael Ortega","CHW",7,9,12,1,1,0,0,0,3,1,2,0,4,0,1,0,0,2,0,0.111111111,"Rafael Ortega",10323,542364
"Edwin Rios","CIN",4,9,10,1,1,0,0,0,1,0,1,0,4,0,0,0,0,0,0,0.111111111,"Edwin Rios",18316,621458
"Garrett Stubbs","PHI",32,76,90,8,6,1,0,1,9,3,11,0,19,2,0,0,0,0,0,0.105263157,"Garrett Stubbs",18067,596117
"Chuckie Robinson","- - -",15,40,42,4,4,0,0,0,2,0,0,0,11,1,0,1,1,0,0,0.1,"Chuckie Robinson",19824,642020
"Buddy Kennedy","- - -",12,20,22,2,1,1,0,0,1,2,2,0,8,0,0,0,0,0,0,0.1,"Buddy Kennedy",22505,671083
"Brice Matthews","HOU",37,103,105,10,7,1,0,2,6,2,2,0,47,0,0,0,2,0,1,0.097087378,"Brice Matthews",33280,694728
"Brandon Crawford","STL",13,31,35,3,1,2,0,0,0,2,4,0,10,0,0,0,0,0,0,0.096774193,"Brandon Crawford",5343,543063
"Keston Hiura","- - -",8,21,21,2,2,0,0,0,0,1,0,0,10,0,0,0,0,0,0,0.095238095,"Keston Hiura",20003,669374
"Maverick Handley","BAL",8,21,23,2,2,0,0,0,1,1,0,0,8,1,0,1,0,0,0,0.095238095,"Maverick Handley",26106,668974
"Cooper Ingle","CLE",7,21,24,2,2,0,0,0,1,2,3,0,12,0,0,0,0,0,0,0.095238095,"Cooper Ingle",33708,694876
"Vimael Machín","BAL",4,11,12,1,0,0,0,1,1,1,1,0,2,0,0,0,0,0,0,0.09090909,"Vimael Machin",17684,605353
"Akil Baddoo","DET",17,33,36,3,0,1,1,1,3,4,2,0,13,0,1,0,0,0,0,0.09090909,"Akil Baddoo",22168,668731
"Jhostynxon Garcia","PIT",4,11,11,1,1,0,0,0,1,0,0,0,4,0,0,0,1,0,0,0.09090909,"Jhostynxon Garcia",28142,691373
"Will Robertson","- - -",14,36,39,3,2,1,0,0,1,3,2,0,17,1,0,0,0,0,0,0.083333333,"Will Robertson",25467,683770
"Omar Narváez","- - -",16,39,44,3,3,0,0,0,1,4,4,0,8,0,1,0,0,0,0,0.076923076,"Omar Narvaez",13338,553882
"Charles McAdoo","TOR",4,13,13,1,1,0,0,0,0,0,0,0,4,0,0,0,0,0,0,0.076923076,"Charles McAdoo",33323,807727
"Nick Maton","- - -",12,27,31,2,0,0,0,2,2,2,4,0,8,0,0,0,0,0,1,0.074074074,"Nick Maton",21635,665155
"Niko Goodrum","- - -",8,19,22,1,1,0,0,0,2,0,3,0,7,0,0,0,0,1,0,0.052631578,"Niko Goodrum",12092,592348
"Gage Workman","- - -",14,30,31,1,1,0,0,0,0,0,1,0,16,0,0,0,0,0,0,0.033333333,"Gage Workman",27573,669398
"Jace Peterson","ARI",7,11,14,0,0,0,0,0,0,1,2,0,3,0,1,0,1,0,0,0,"Jace Peterson",12325,607054
"Tom Murphy","SFG",4,14,15,0,0,0,0,0,0,0,1,0,6,0,0,0,0,0,0,0,"Tom Murphy",13499,608596
"Tony Kemp","BAL",3,5,6,0,0,0,0,0,0,0,1,0,0,0,0,0,0,0,0,0,"Tony Kemp",14894,643393
"Greg Allen","BAL",6,14,14,0,0,0,0,0,0,0,0,0,5,0,0,0,2,0,1,0,"Greg Allen",16623,656185
"Jakson Reetz","SFG",2,5,5,0,0,0,0,0,0,0,0,0,2,0,0,0,0,0,0,0,"Jakson Reetz",17837,656883
"Jason Delay","PIT",2,5,5,0,0,0,0,0,0,0,0,0,0,0,0,0,0,0,0,0,"Jason Delay",19806,641511
"Livan Soto","- - -",4,6,8,0,0,0,0,0,0,0,2,0,1,0,0,0,0,0,0,0,"Livan Soto",22471,670869
"Eliezer Alfonzo","LAD",5,9,9,0,0,0,0,0,0,0,0,0,0,0,0,0,0,0,0,0,"Eliezer Alfonzo",22741,672613
"Grae Kessinger","HOU",6,9,10,0,0,0,0,0,1,0,1,0,3,0,0,0,1,0,0,0,"Grae Kessinger",25813,666197
"Trei Cruz","DET",2,5,5,0,0,0,0,0,0,0,0,0,3,0,0,0,0,0,0,0,"Trei Cruz",27569,669360
"Chad Stevens","- - -",7,12,15,0,0,0,0,0,1,1,3,0,6,0,0,0,0,0,0,0,"Chad Stevens",29614,677060
"Kyler Fedko","MIN",3,5,6,0,0,0,0,0,1,0,1,0,3,0,0,0,0,0,0,0,"Kyler Fedko",29930,693459
"César Prieto","STL",5,9,9,0,0,0,0,0,0,0,0,0,1,0,0,0,1,0,0,0,"Cesar Prieto",30163,693409
"Collin Price","HOU",2,4,5,0,0,0,0,0,0,0,1,0,2,0,0,0,0,0,0,0,"Collin Price",31415,805672
